10
37
100 0   98 17   94 34   87 50   77 64   64 77   50 87   34 94   17 98   0 100   -16 98   -33 94   -49 87   -63 77   -76 64   -86 50   -93 34   -97 17   -99 0   -97 -16   -93 -33   -86 -49   -76 -63   -63 -76   -49 -86   -33 -93   -16 -97   0 -99   17 -97   34 -93   50 -86   64 -76   77 -63   87 -49   94 -33   98 -16   100 0
37
110 10   108 27   104 44   97 60   87 74   74 87   60 97   44 104   27 108   10 110   -6 108   -23 104   -39 97   -53 87   -66 74   -76 60   -83 44   -87 27   -89 10   -87 -6   -83 -23   -76 -39   -66 -53   -53 -66   -39 -76   -23 -83   -6 -87   10 -89   27 -87   44 -83   60 -76   74 -66   87 -53   97 -39   104 -23   108 -6   110 10
37
120 20   118 37   114 54   107 70   97 84   84 97   70 107   54 114   37 118   20 120   3 118   -13 114   -29 107   -43 97   -56 84   -66 70   -73 54   -77 37   -79 20   -77 3   -73 -13   -66 -29   -56 -43   -43 -56   -29 -66   -13 -73   3 -77   20 -79   37 -77   54 -73   70 -66   84 -56   97 -43   107 -29   114 -13   118 3   120 20
37
130 30   128 47   124 64   117 80   107 94   94 107   80 117   64 124   47 128   30 130   13 128   -3 124   -19 117   -33 107   -46 94   -56 80   -63 64   -67 47   -69 30   -67 13   -63 -3   -56 -19   -46 -33   -33 -46   -19 -56   -3 -63   13 -67   30 -69   47 -67   64 -63   80 -56   94 -46   107 -33   117 -19   124 -3   128 13   130 30
37
140 40   138 57   134 74   127 90   117 104   104 117   90 127   74 134   57 138   40 140   23 138   6 134   -9 127   -23 117   -36 104   -46 90   -53 74   -57 57   -59 40   -57 23   -53 6   -46 -9   -36 -23   -23 -36   -9 -46   6 -53   23 -57   40 -59   57 -57   74 -53   90 -46   104 -36   117 -23   127 -9   134 6   138 23   140 40
37
150 50   148 67   144 84   137 100   127 114   114 127   100 137   84 144   67 148   50 150   33 148   16 144   0 137   -13 127   -26 114   -36 100   -43 84   -47 67   -49 50   -47 33   -43 16   -36 0   -26 -13   -13 -26   0 -36   16 -43   33 -47   50 -49   67 -47   84 -43   100 -36   114 -26   127 -13   137 0   144 16   148 33   150 50
37
160 60   158 77   154 94   147 110   137 124   124 137   110 147   94 154   77 158   60 160   43 158   26 154   10 147   -3 137   -16 124   -26 110   -33 94   -37 77   -39 60   -37 43   -33 26   -26 10   -16 -3   -3 -16   10 -26   26 -33   43 -37   60 -39   77 -37   94 -33   110 -26   124 -16   137 -3   147 10   154 26   158 43   160 60
37
170 70   168 87   164 104   157 120   147 134   134 147   120 157   104 164   87 168   70 170   53 168   36 164   20 157   6 147   -6 134   -16 120   -23 104   -27 87   -29 70   -27 53   -23 36   -16 20   -6 6   6 -6   20 -16   36 -23   53 -27   70 -29   87 -27   104 -23   120 -16   134 -6   147 6   157 20   164 36   168 53   170 70
37
180 80   178 97   174 114   167 130   157 144   144 157   130 167   114 174   97 178   80 180   63 178   46 174   30 167   16 157   3 144   -6 130   -13 114   -17 97   -19 80   -17 63   -13 46   -6 30   3 16   16 3   30 -6   46 -13   63 -17   80 -19   97 -17   114 -13   130 -6   144 3   157 16   167 30   174 46   178 63   180 80
37
190 90   188 107   184 124   177 140   167 154   154 167   140 177   124 184   107 188   90 190   73 188   56 184   40 177   26 167   13 154   3 140   -3 124   -7 107   -9 90   -7 73   -3 56   3 40   13 26   26 13   40 3   56 -3   73 -7   90 -9   107 -7   124 -3   140 3   154 13   167 26   177 40   184 56   188 73   190 90
