-0.8253 5.005 0.6746 -0.68203 4.94504 0.634879 -0.149621 -0.136796 -0.168551 -0.105982 -0.13262 0.201714 -0.344932 -1.25507 
-0.7953 4.315 0.9346 -0.779994 4.30864 0.918001 -0.145591 -0.260874 -0.0849703 0.151195 -0.156556 0.221591 0.535208 -1.29141 
-0.9453 4.535 0.4346 -0.945162 4.5349 0.434538 -0.175664 -0.199188 -0.111341 -0.0327046 -0.117084 0.26106 0.317434 -1.08871 
-0.6953 4.815 1.335 -0.476718 4.75043 1.11931 -0.278194 -0.0357305 -0.120567 -0.045812 -0.243799 0.177956 -0.723392 -1.5332 
-0.3453 4.105 1.295 -0.306068 4.10459 1.13513 0.0611786 0.271445 0.0196243 -0.25863 0.0642489 -0.0824171 0.543618 -0.955084 
-0.2953 4.555 1.555 -0.215983 4.56144 1.37263 0.0779258 0.192395 -0.0237905 -0.186804 0.0813766 0.0462186 -1.07123 -1.71286 
0.00474 4.185 1.215 0.0117247 4.18665 1.22828 0.0512346 -0.211517 -0.0380271 0.205214 0.0597603 -0.0559146 0.519792 -2.44581 
-0.03526 4.535 1.415 -0.0919826 4.52252 1.363 0.151026 0.00488139 -0.0883244 -0.0295438 0.167507 -0.0412595 -0.889139 -1.98268 
0.2547 4.405 0.9946 0.174955 4.37238 0.922942 -0.140326 0.184601 0.0937459 -0.0875024 -0.155517 0.175257 0.808797 -1.04498 
0.2347 4.685 1.155 0.11697 4.63552 1.10072 -0.0895014 -0.0431372 0.16083 0.11667 -0.146523 0.0256267 -0.262524 -2.14167 
0.2647 4.925 0.6546 0.208373 4.87902 0.63792 0.0199883 0.0541219 -0.232976 -0.166514 0.170976 0.0254327 -0.928219 -2.08695 
0.2847 4.655 0.5846 0.261861 4.63467 0.574118 -0.124167 0.140199 0.134417 0.0301331 -0.1437 0.177717 0.828689 -1.14842 
0.02474 5.095 0.1946 -0.0237014 5.0164 0.202554 -0.087373 0.0647614 0.20459 0.196573 -0.0644563 0.104353 -0.882453 -1.12205 
0.2247 4.725 0.06463 0.242839 4.75854 0.0661822 -0.169404 0.123146 0.0920322 0.0903926 -0.0309876 0.20785 0.3434 -1.19796 
-0.06526 4.835 -0.2454 -0.0621704 4.84338 -0.24956 0.0859274 -0.107681 -0.181745 -0.200323 0.0207479 -0.107004 -0.042225 -1.25845 
-0.1253 5.115 0.06463 -0.141783 5.05676 0.0772596 0.0329737 -0.0483613 -0.174757 -0.176162 0.0335424 -0.0425211 -1.04577 -1.38281 
0.4347 4.325 0.4946 0.475066 4.38578 0.524466 -0.197081 0.180811 0.117468 -0.00997279 -0.166617 0.239732 0.780956 -1.00973 
0.2847 3.985 0.8546 0.313984 4.01356 0.912505 0.208188 -0.202969 -0.0766621 0.14046 0.207061 -0.166771 0.758361 -0.813112 
0.00474 3.785 1.005 0.0306107 3.80978 1.1309 0.122091 -0.275813 0.0265381 0.271652 0.113431 -0.0708666 0.253147 -0.663574 
-0.4853 3.695 1.055 -0.490405 3.69783 1.074 -0.105523 -0.252224 0.0360698 0.247179 -0.0918681 0.0807242 0.601404 -0.642334 
-0.9853 3.945 0.7446 -1.05547 4.01215 0.834764 0.211583 0.254854 0.0417786 -0.162347 0.173259 -0.234709 0.333413 -1.18657 
-1.155 4.245 0.2646 -1.17382 4.26392 0.274916 -0.213803 -0.232473 -0.0581914 0.0273303 -0.101129 0.303592 0.376638 -0.946245 
-0.5953 5.135 0.1946 -0.517546 5.02946 0.197873 0.0499234 0.0460262 0.269032 0.267424 0.0464606 -0.0575735 -0.6681 -1.34779 
-0.8153 4.655 -0.08537 -0.803255 4.64369 -0.0846569 -0.153396 -0.157186 -0.127661 -0.128033 -0.0487928 0.21392 0.333748 -0.79733 
-1.135 4.355 -0.3354 -1.11882 4.33698 -0.332757 -0.16007 -0.141444 -0.073182 -0.0835366 -0.0137654 0.209324 0.253472 -0.878748 
-0.6853 4.735 -0.2854 -0.669921 4.7041 -0.270085 -0.0985513 -0.132597 -0.171558 -0.19297 -0.0322989 0.135815 -0.0392364 -0.853581 
-0.9653 4.415 -0.6454 -0.950547 4.38882 -0.624874 -0.184796 -0.186718 -0.136486 -0.194336 0.0306334 0.221216 -0.20992 -0.798026 
-0.4953 4.515 -0.7254 -0.485466 4.45329 -0.677149 0.0469654 -0.154238 -0.236607 -0.279238 -0.0613673 -0.0154238 0.110225 -0.392641 
-0.3953 4.805 -0.3154 -0.399742 4.82466 -0.32495 0.0196229 0.109181 0.215321 0.239359 0.0193681 -0.0316345 -0.218376 -1.26869 
-0.2853 5.165 0.09463 -0.269204 5.08975 0.106674 0.0770857 -0.0240371 -0.17363 -0.175222 -0.015698 -0.0756192 -0.695303 -1.59827 
0.08474 4.675 -0.4454 0.0813297 4.65066 -0.429517 -0.107681 0.108095 0.138464 0.167698 0.0149143 0.118773 0.256145 -0.731236 
0.3347 4.635 -0.1454 0.33356 4.63284 -0.145051 0.135451 -0.0886413 -0.0872115 -0.0911922 0.0168653 -0.158775 0.608058 -0.97148 
0.5947 4.465 -0.02537 0.605794 4.48794 -0.0169594 -0.256479 0.154222 0.0672358 0.0508067 -0.0458609 0.299002 0.374782 -0.867741 
0.2647 4.495 -0.7354 0.261601 4.47369 -0.71668 -0.241946 0.0782734 0.0547084 0.0839569 0.103335 0.223452 -0.161941 -0.739154 
0.3647 4.545 -0.5354 0.369911 4.56225 -0.538594 -0.170523 0.0638336 0.0464835 0.0657211 0.0534055 0.167756 -0.0629434 -1.1019 
0.6447 4.395 -0.7554 0.641532 4.38536 -0.750164 0.252616 -0.0845809 -0.0370102 -0.0692767 -0.102387 -0.238865 -0.209147 -0.878301 
0.6747 4.475 -0.3854 0.675567 4.47731 -0.385387 0.216711 -0.0891176 -0.0329868 -0.0432902 -0.0194623 -0.231821 0.0703682 -0.946886 
1.405 4.205 -0.2354 1.40202 4.19775 -0.234868 0.289194 -0.119325 0.00642602 0.00453061 -0.00586617 -0.312823 -0.0107283 -0.91109 
1.295 4.145 0.1346 1.2972 4.15176 0.137929 -0.238018 0.0848644 0.00910338 -0.0187832 -0.0783899 0.239666 0.142108 -0.904052 
1.235 3.935 0.4446 1.25434 3.98015 0.484936 0.331042 -0.117139 -0.0420351 0.0363901 0.205341 -0.285637 0.1507 -0.838887 
0.6747 3.505 0.9946 0.677145 3.50872 1.00096 0.271886 -0.15576 0.00161049 0.13837 0.240018 -0.146392 0.232129 -0.518572 
-0.2253 4.945 0.5146 -0.208816 5.11747 0.532948 0.0491846 0.00139801 -0.230685 -0.226767 0.043601 -0.0480851 -0.779394 -2.05913 
0.01474 4.825 0.9046 0.00974244 4.80943 0.898674 -0.0569869 -0.0502634 0.179593 0.164874 -0.101343 0.0239532 -0.126058 -0.750773 
-0.3353 4.865 0.9646 -0.335249 4.85985 0.961877 0.164032 -0.0855427 0.155335 0.176219 0.102292 -0.129754 -0.199032 -0.899062 
0.01474 4.675 1.265 -0.0125918 4.60375 1.2277 -0.115024 -0.0162694 0.120147 0.0727417 -0.141755 0.0504447 -0.142418 -1.04785 
-0.2553 4.665 1.445 -0.259979 4.59286 1.38453 -0.0643782 0.159352 -0.0312451 -0.161845 -0.065707 -0.0016411 -1.20261 -2.81265 
-0.7653 5.025 0.7646 -0.743141 4.99398 0.753333 -0.0379201 0.0452714 -0.199995 -0.151774 -0.142959 -0.00358349 -1.11676 -3.40728 
-0.5953 5.065 0.5746 -0.589123 5.0327 0.570784 0.0862572 0.0404225 -0.168377 -0.15594 -0.063649 -0.0951662 -0.405284 -1.59997 
1.235 3.555 0.7346 1.24578 3.57893 0.769019 0.262299 -0.0224808 -0.0731975 -0.0213135 0.229448 -0.146845 0.0189354 -0.380489 
0.6047 3.155 1.175 0.5971 3.14333 1.1432 -0.134523 0.236913 -0.0615484 -0.237338 -0.109061 0.0989366 0.25895 -0.339513 
1.025 3.175 1.055 1.02086 3.16717 1.03922 -0.16121 0.169199 -0.0438715 -0.166344 -0.130174 0.109206 0.0296878 -0.132666 
1.365 2.985 1.035 1.36556 2.98567 1.03647 -0.122271 -0.154808 0.111821 0.171323 -0.14758 -0.0169801 -0.0865908 -0.557079 
0.9747 2.705 1.285 0.98097 2.71681 1.31316 0.109335 -0.22113 0.0606144 0.221928 0.0851836 -0.0895469 -0.0656698 -0.56004 
0.5247 2.755 1.355 0.524724 2.75508 1.35524 -0.195727 0.141088 -0.0211094 -0.139584 -0.182 0.0778009 -0.0637934 -0.391076 
0.02474 3.105 1.265 0.0220351 3.09346 1.21339 -0.106869 0.269841 -0.0640562 -0.276288 -0.0976125 0.0497489 0.296214 -0.14618 
-0.2853 3.345 1.185 -0.286179 3.35227 1.21292 -0.0187471 -0.229533 0.0642112 0.238106 -0.0151482 0.0153678 0.167654 -0.436411 
-0.7153 3.285 1.175 -0.712514 3.28056 1.16003 -0.0748479 -0.197157 0.0468626 0.198103 -0.0606617 0.0611936 0.244054 -0.365215 
0.06474 2.585 1.435 0.0642137 2.58089 1.42129 0.186276 0.17325 -0.0562764 -0.181303 0.184135 -0.033247 0.00303831 -0.264004 
-0.6253 2.905 1.335 -0.625055 2.90398 1.33216 -0.0805479 -0.271278 0.0879684 0.282995 -0.0647269 0.0595177 -0.0762298 -0.326411 
-0.5153 2.385 1.495 -0.515576 2.38943 1.50797 0.100871 0.195531 -0.0617398 -0.205023 0.0951437 -0.0336483 0.0879641 -0.433734 
-0.9653 2.395 1.435 -0.967236 2.39799 1.44288 0.0416096 -0.207614 0.0814082 0.211273 0.0632062 0.0532072 0.188829 -0.613172 
-1.185 2.695 1.315 -1.18089 2.68869 1.29786 -0.0641428 0.169785 -0.0764359 -0.174162 -0.0833019 -0.0388841 -0.136375 -0.423314 
-1.095 3.065 1.185 -1.0926 3.06049 1.17515 -0.14845 -0.166706 0.0349211 0.161556 -0.123146 0.0989072 -0.0578026 -0.341334 
-1.375 2.865 1.195 -1.36897 2.85835 1.1802 -0.166289 -0.0322835 -0.055603 0.0147709 -0.16924 0.0540877 -0.276071 -0.433742 
-1.515 3.345 0.8446 -1.52663 3.3577 0.866566 0.243561 0.18917 0.0252462 -0.135231 0.19995 -0.19359 0.074102 -0.615174 
-1.035 3.425 1.025 -1.04324 3.43548 1.04489 0.157874 0.192292 -0.0277393 -0.178431 0.129367 -0.118729 0.16291 -0.695416 
-1.785 3.605 0.4446 -1.79434 3.61589 0.454119 0.241624 0.209823 -0.00523809 -0.0900456 0.0964132 -0.291601 0.0770896 -0.902866 
-1.795 3.715 0.1246 -1.81121 3.73354 0.131869 0.199266 0.173819 -0.0169282 -0.049465 0.0315422 -0.258388 0.0784789 -0.811853 
-1.365 4.165 -0.1854 -1.36787 4.1683 -0.184871 -0.186024 -0.160027 -0.0302534 -0.0196297 -0.0235621 0.245333 0.082443 -0.725361 
-1.775 3.795 -0.2254 -1.77916 3.79965 -0.225163 0.160029 0.144611 -0.0480608 -0.0379313 -0.0296993 -0.215664 -0.00697063 -0.46175 
-1.715 3.855 -0.5454 -1.71545 3.85548 -0.545592 -0.162231 -0.142298 0.0453397 -0.00474697 0.0718223 0.208428 -0.161802 -0.898035 
-1.355 4.185 -0.4754 -1.36903 4.20194 -0.483419 0.166103 0.137683 0.024433 0.0451622 -0.0169158 -0.211703 -0.272719 -1.0048 
-1.575 3.855 -0.9154 -1.54541 3.82654 -0.883925 0.252813 0.200524 -0.0672353 0.0697868 -0.178009 -0.268491 -0.376672 -0.779165 
-1.115 3.845 -1.255 -1.09657 3.81801 -1.21693 -0.23361 -0.229749 -0.0497026 -0.206208 0.166661 0.198824 -0.457828 -0.687654 
-0.5553 4.295 -0.9754 -0.556847 4.30111 -0.982123 -0.219364 -0.154217 -0.108716 -0.183259 0.134441 0.179066 -0.365225 -0.773184 
-0.7053 3.925 -1.225 -0.706993 3.93226 -1.23821 -0.199297 -0.178061 -0.0799796 -0.190609 0.152887 0.134594 -0.324883 -0.64868 
-0.1353 4.115 -1.105 -0.135436 4.11842 -1.1103 0.28426 0.00630172 0.00216843 0.00622052 -0.217692 -0.182811 -0.0661137 -0.545015 
0.3747 4.295 -0.9754 0.375112 4.29699 -0.977509 0.241049 -0.0948269 -0.0642102 -0.108681 -0.142243 -0.197928 -0.18775 -0.821634 
0.9647 4.215 -0.9054 0.963763 4.21286 -0.90336 0.272629 -0.0843045 0.0221087 -0.0276617 -0.15255 -0.240595 -0.392055 -0.746071 
1.495 4.125 -0.5954 1.49345 4.12268 -0.59382 0.243298 -0.107969 0.104186 0.0524683 -0.12473 -0.251785 -0.337789 -0.978722 
1.895 3.995 -0.2854 1.87738 3.97121 -0.275008 0.164304 -0.107555 0.0889679 0.0561734 -0.0748449 -0.194222 -0.332802 -1.0754 
1.775 4.075 0.01463 1.76538 4.05264 0.0117651 -0.161699 0.102579 -0.057146 -0.0646576 0.0034 0.189057 -0.300509 -1.25954 
1.665 3.975 0.3746 1.64909 3.93467 0.341314 -0.177182 0.0587215 0.0232668 -0.0118484 -0.0989599 0.159529 -0.0170034 -0.940999 
1.755 3.725 0.6146 1.72729 3.67495 0.554317 0.210156 -0.087323 -0.0681364 0.0224831 0.176728 -0.157147 -0.275187 -0.697643 
1.555 3.295 0.8346 1.55564 3.29567 0.836012 -0.150695 -0.102356 0.115349 0.127183 -0.173698 0.0120214 -0.153905 -0.694234 
1.875 3.945 0.3046 1.87518 3.94529 0.304788 -0.0920751 0.0988546 -0.0730329 -0.0957695 -0.000510426 0.120049 -1.04785 -1.51074 
2.085 3.865 0.06463 2.06462 3.84874 0.0690706 0.137694 -0.13513 0.0266677 0.0557391 0.0201853 -0.185517 -0.868594 -1.08303 
2.075 3.795 0.2746 2.07013 3.79183 0.271831 -0.121013 0.144099 -0.0592269 -0.094642 -0.0084222 0.172883 -0.810774 -1.57486 
2.015 3.385 0.6246 1.98638 3.36585 0.584513 0.0269037 0.201126 -0.121164 -0.191656 0.0892659 0.105621 -0.442585 -0.758303 
1.715 3.065 0.8246 1.70779 3.06237 0.813519 0.147164 0.0942136 -0.110658 -0.0991757 0.180218 0.0215433 -0.0427251 -0.836921 
1.405 2.695 1.105 1.41403 2.70004 1.12185 0.0874269 0.143679 -0.0908468 -0.136176 0.120343 0.0592786 0.0303273 -1.04707 
1.995 2.865 0.6446 1.98118 2.868 0.625151 -0.150219 0.0397618 0.107557 -0.0376591 -0.184534 0.0156225 0.0412382 -0.665284 
1.695 2.845 0.7846 1.72479 2.84054 0.820332 -0.103631 -0.103999 0.0758802 0.0896373 -0.128208 -0.0532997 0.648591 -1.39211 
2.195 3.055 0.5646 2.13683 3.04643 0.499715 -0.129051 0.121247 0.108512 -0.0746463 -0.16718 0.0980247 -0.238716 -0.627071 
2.355 2.825 0.4046 2.33627 2.83347 0.38108 -0.0192249 0.210079 0.0451726 -0.131731 -0.0473535 0.164158 -0.642083 -0.992483 
2.015 2.525 0.5246 2.00514 2.53075 0.509453 -0.181743 -0.0115234 0.116805 -0.0222712 -0.208006 -0.0551736 0.117144 -0.315859 
1.625 2.585 0.6146 1.72612 2.54676 0.714701 -0.132744 -0.0686394 0.131889 0.0288583 -0.185338 -0.0674104 1.12589 -0.439222 
1.665 2.165 0.4546 1.72471 2.14507 0.521242 -0.113433 -0.0765019 0.135917 0.0164871 -0.173001 -0.0836156 1.17806 0.00931254 
1.635 2.125 0.6246 1.64194 2.12361 0.628902 0.0835393 0.0716579 -0.12377 -0.0182022 0.1475 0.0731108 1.98615 -0.165215 
1.645 1.855 0.6246 1.65021 1.85397 0.626518 0.0690091 0.151914 -0.0893625 -0.0369498 0.106306 0.152183 0.393848 -0.185532 
1.595 2.565 0.9046 1.6278 2.56647 0.927034 -0.0726607 -0.127659 0.106375 0.0904634 -0.127777 -0.0915501 0.864105 -1.54122 
1.675 1.935 0.3946 1.74469 1.8994 0.435462 -0.0702886 -0.120612 0.0885743 0.0363386 -0.108687 -0.119163 1.05026 -0.76372 
2.245 2.205 0.3746 2.12396 2.27654 0.261143 0.15955 0.203353 -0.0271682 -0.0969928 0.105093 0.217012 0.329219 -1.37257 
2.495 2.405 0.1846 2.44541 2.43527 0.157474 -0.097151 -0.204739 0.0444491 0.0360865 -0.0646158 -0.218757 -0.988368 -1.91646 
1.705 1.775 0.2646 1.78873 1.7481 0.266697 0.0841131 0.237196 -0.00330243 -0.0548103 0.0228418 0.244585 0.474227 -0.689144 
2.125 2.045 0.1546 1.99523 2.12812 0.163735 0.125728 0.194991 -0.0245127 -0.0409533 0.0544564 0.223131 0.486976 -0.761126 
2.185 2.125 -0.1254 2.13492 2.1549 -0.109441 -0.13044 -0.224074 0.0155502 -0.0313876 0.000378326 -0.257838 0.0133287 -0.594389 
2.565 2.575 -0.09537 2.5264 2.58575 -0.0947046 0.0333647 0.169478 -0.100035 0.0254118 0.0969026 0.172647 -1.05666 -1.52298 
2.465 2.935 0.2246 2.46135 2.93501 0.222337 0.0408916 -0.180401 -0.0755192 0.0543939 0.0845991 -0.172639 -0.809539 -1.40906 
2.295 3.415 0.2246 2.30466 3.41886 0.22858 -0.0966538 0.20618 0.00998847 -0.0614091 -0.03925 0.215964 -0.46937 -1.49159 
2.265 3.565 -0.04537 2.2855 3.57554 -0.0509009 0.139309 -0.23657 0.0183739 0.0436804 0.0046254 -0.271626 -0.601557 -1.21951 
1.985 3.785 -0.5454 1.96648 3.77148 -0.532531 -0.22273 0.198269 -0.0982649 0.0171955 0.154508 0.272776 -0.476459 -0.951194 
1.625 3.885 -0.8654 1.60237 3.8653 -0.838551 -0.213401 0.0781931 -0.128149 -0.0366818 0.188815 0.176294 -0.34043 -0.867863 
1.305 3.875 -1.095 1.30835 3.87876 -1.10054 -0.250329 0.0184566 -0.151724 -0.0720083 0.242576 0.148315 -0.519083 -0.901012 
2.485 3.005 0.06463 2.50484 3.01007 0.0646721 -0.0162663 0.203715 -0.0168658 -0.0457687 0.0128599 0.199471 -0.837389 -1.28332 
2.455 3.065 -0.1754 2.47229 3.07214 -0.182966 -0.0595359 0.213781 -0.0290663 0.0116848 0.0333035 0.221011 -0.440941 -1.1598 
2.265 2.885 -0.7254 2.25294 2.88106 -0.716388 -0.0614743 0.266088 -0.0853601 0.212583 0.101259 0.162552 -0.651857 -1.39919 
2.515 2.715 -0.3154 2.50638 2.71428 -0.31155 -0.0054973 0.143629 -0.114299 0.0586504 0.10973 0.135067 -0.864405 -1.483 
2.025 3.225 -0.8654 1.98751 3.20723 -0.834494 -0.133233 0.148047 -0.0785824 0.0988647 0.150477 0.115873 -0.269593 -0.872369 
1.735 3.265 -1.015 1.73331 3.26416 -1.01326 -0.168802 0.11508 -0.11076 0.0721728 0.198718 0.0964749 -0.0966101 -0.729775 
1.445 3.335 -1.245 1.43358 3.32882 -1.22555 -0.177235 -0.12589 -0.157202 -0.138214 0.22834 -0.027032 -0.330033 -0.574561 
0.9747 3.395 -1.455 0.984739 3.40421 -1.47694 0.0581782 0.225926 0.100299 0.233069 -0.0844628 0.055064 -0.450645 -0.707204 
1.665 1.745 -0.2954 1.71194 1.72375 -0.315648 0.0968225 0.283591 0.0353882 0.0568236 -0.0557209 0.291062 0.836403 -0.476939 
1.955 2.125 -0.5154 1.90957 2.15561 -0.482909 -0.155401 -0.20229 -0.0685868 -0.059798 0.122627 -0.226189 0.644872 -0.654184 
1.605 2.085 -0.6854 1.69418 2.04826 -0.738213 -0.126367 -0.197011 -0.0640598 -0.0819793 0.116467 -0.19647 0.508947 -0.485011 
2.505 2.575 -0.3354 2.47026 2.59677 -0.320216 -0.0212105 -0.200249 0.0608656 -0.0612847 -0.0525536 -0.194259 -0.924163 -1.23176 
2.315 2.605 -0.6754 2.30492 2.60718 -0.666594 0.0017095 0.198746 -0.0695989 0.149862 0.0477482 0.14003 -0.990412 -1.65168 
2.005 2.545 -0.8854 1.95102 2.55671 -0.836161 0.145858 -0.052944 0.130639 -0.0817871 -0.184896 0.016382 -0.497474 -0.901889 
1.835 2.355 -0.8354 1.79818 2.37916 -0.802003 -0.110591 -0.0846769 -0.0678922 -0.0321448 0.118134 -0.0949785 0.603815 -0.702494 
1.665 2.385 -0.7754 1.73325 2.35087 -0.839759 0.131535 0.0708604 0.0931094 0.020203 -0.15174 0.0869406 0.924412 -0.757582 
1.675 2.765 -0.8554 1.73754 2.74952 -0.929748 0.148077 0.0598948 0.0890405 0.0316037 -0.169348 0.0613574 0.892884 -0.285406 
1.965 2.935 -0.9054 1.94608 2.93322 -0.886351 -0.112599 0.0825946 -0.0987465 0.0660004 0.149673 0.049932 -0.216022 -0.78822 
1.725 3.005 -0.9254 1.77027 3.01362 -0.985404 -0.125914 -0.0333889 -0.0944182 -0.0303486 0.157269 -0.0151426 0.076723 -0.461133 
1.565 2.855 -1.115 1.59206 2.85533 -1.148 -0.100671 -0.164671 -0.0949781 -0.11805 0.138394 -0.114819 -0.170609 -0.630307 
1.335 2.985 -1.375 1.33251 2.98455 -1.37088 -0.0321787 -0.221653 -0.0511223 -0.179836 0.0564057 -0.131363 -0.227892 -0.791045 
0.8747 3.105 -1.555 0.88482 3.10829 -1.58017 -0.0291091 -0.265806 -0.0579583 -0.263961 0.0417043 -0.0586901 -0.255993 -0.805639 
0.6147 3.805 -1.395 0.612806 3.79923 -1.38591 0.23085 -0.133712 -0.0527072 -0.142033 -0.196981 -0.122367 -0.534847 -0.655751 
0.3047 3.835 -1.365 0.304611 3.83305 -1.36187 0.126615 -0.114937 -0.0799606 -0.138739 -0.117512 -0.050774 -0.438286 -0.721804 
0.08474 3.875 -1.275 0.0846511 3.87716 -1.27882 0.182404 -0.0792075 -0.0633442 -0.0999325 -0.162615 -0.0844239 0.112707 -0.607956 
0.3247 3.525 -1.525 0.324519 3.51629 -1.50385 0.0753284 -0.175827 -0.0755642 -0.19035 -0.0772363 -0.0100385 -0.423218 -0.629065 
0.5347 3.505 -1.555 0.529632 3.49504 -1.52929 0.0328015 -0.177036 -0.0687129 -0.18989 -0.0313799 -0.00979922 -0.469718 -0.742253 
0.4747 3.165 -1.625 0.472233 3.16291 -1.61041 0.01241 -0.171837 -0.0358918 -0.175449 -0.0133342 0.00317574 -0.228018 -0.695416 
0.3547 3.145 -1.625 0.355325 3.14364 -1.61748 0.00925791 0.180071 0.0406615 0.183714 -0.00499271 -0.0197181 -0.280864 -0.813228 
1.485 2.445 -1.215 1.46632 2.44827 -1.19819 -0.100186 -0.239037 -0.0657424 -0.166583 0.117423 -0.173089 0.0962555 -0.561603 
1.215 2.455 -1.545 1.16303 2.45813 -1.48664 0.0335726 0.311908 0.0292295 0.267848 -0.0438255 0.160016 -0.0408284 -0.897396 
0.8047 2.555 -1.665 0.80076 2.55405 -1.6529 -0.0314065 -0.243493 -0.0258261 -0.237756 0.0365513 -0.0554829 -0.076536 -0.880465 
0.4747 2.645 -1.685 0.473982 2.64397 -1.67606 -0.0254498 -0.272705 -0.0314924 -0.274517 0.025212 0.00352324 -0.0997701 -0.720145 
1.405 1.745 -1.195 1.37686 1.74854 -1.17628 0.094613 0.338376 0.072189 0.213088 -0.115949 0.264216 0.0954912 -0.501064 
1.075 1.835 -1.515 1.08634 1.83414 -1.52621 -0.020866 -0.25836 -0.011319 -0.221933 0.0237191 -0.132275 -0.00460816 -0.855224 
0.7047 1.935 -1.665 0.720307 1.93574 -1.7109 -0.0370735 -0.320406 -0.00923233 -0.314221 0.0381638 -0.0626774 -0.11269 -0.924753 
0.3847 2.025 -1.715 0.384821 2.02522 -1.72843 -0.0217114 -0.285165 -0.00814622 -0.285146 0.0214409 0.0094204 -0.136987 -0.680139 
-0.1253 3.535 -1.355 -0.126291 3.54556 -1.3828 0.208505 0.000156494 -0.0136772 -0.00511996 -0.192856 -0.0802586 0.509831 -0.400413 
-0.02526 3.505 -1.395 -0.0303838 3.51351 -1.41953 0.164442 -0.0401351 -0.0559884 -0.0555049 -0.163018 -0.046163 -0.0951995 -0.464068 
-0.00526 2.985 -1.525 -0.00857553 2.99215 -1.56128 -0.227912 -0.0914595 0.00420921 -0.0879102 0.22176 0.0584893 0.0375189 -0.267527 
0.07474 2.535 -1.615 0.0742512 2.53586 -1.62186 -0.217681 -0.0931291 -0.000251398 -0.0921066 0.215195 0.0355758 0.0893997 -0.129852 
0.1247 1.995 -1.665 0.122702 1.99512 -1.69195 -0.214835 -0.0195762 0.0101261 -0.0187661 0.214508 0.0165545 0.0229961 -0.188376 
-0.03526 1.965 -1.645 -0.0357643 1.96559 -1.67757 -0.271369 -0.00671677 0.0206951 -0.00541005 0.271641 0.0172228 0.243576 -0.181304 
-0.1353 2.525 -1.585 -0.135429 2.52686 -1.59813 -0.196494 0.0188412 0.0137485 0.020698 0.194625 0.0290995 0.24248 -0.147406 
-0.1953 2.925 -1.515 -0.195857 2.92936 -1.53592 -0.246726 -0.005708 0.0140495 -0.00279027 0.24219 0.0493958 0.379686 -0.202683 
-0.2553 3.505 -1.365 -0.251845 3.5169 -1.39798 0.279422 0.00444092 0.0110521 0.008121 -0.260871 -0.100495 0.0333121 -0.340784 
-0.7153 3.415 -1.485 -0.715688 3.41195 -1.47596 -0.0686784 -0.206097 -0.068354 -0.217113 0.0641154 0.0248261 -0.331634 -0.503521 
-0.7053 2.845 -1.595 -0.705328 2.84546 -1.59723 0.0985669 -0.251954 -0.0480203 -0.255559 -0.100851 0.00458708 -0.195179 -0.496997 
-0.5053 2.415 -1.625 -0.506785 2.41789 -1.65289 -0.101084 0.261502 0.0301562 0.263104 0.101388 0.00272756 -0.074806 -0.555059 
-0.3753 1.755 -1.705 -0.375595 1.755 -1.70762 -0.0801333 0.275024 0.00791349 0.274884 0.0803801 -0.00999155 -0.133948 -0.568826 
-0.8553 2.075 -1.625 -0.863126 2.07461 -1.64566 0.0998156 -0.261992 -0.0219533 -0.25045 -0.101896 0.077311 -0.077152 -1.00123 
-0.7353 1.605 -1.685 -0.725255 1.60642 -1.66342 0.0854354 -0.225573 -0.0144181 -0.215525 -0.0859427 0.0674763 -0.0321599 -1.0647 
-1.195 1.885 -1.445 -1.18919 1.88692 -1.44022 0.108013 -0.243119 -0.0312979 -0.195812 -0.106152 0.148804 0.0196022 -0.96493 
-1.065 1.475 -1.535 -0.998193 1.49403 -1.48986 0.091435 -0.237832 -0.01421 -0.196869 -0.0839904 0.138976 0.037466 -0.874257 
-1.435 1.655 -0.9454 -1.44768 1.64971 -0.950699 0.157682 -0.309574 -0.037541 -0.135697 -0.105992 0.304074 0.19018 -0.539048 
-1.625 1.865 -0.9254 -1.60831 1.87327 -0.914086 0.164695 -0.230414 -0.0868657 -0.0812963 -0.149522 0.242476 0.0919654 -0.667228 
-1.365 2.335 -1.415 -1.37523 2.33241 -1.42719 0.111392 -0.259428 -0.0428981 -0.204749 -0.114806 0.162631 -0.123546 -1.11079 
-1.015 2.835 -1.595 -1.01204 2.83421 -1.58518 -0.0810952 0.247715 0.0542681 0.244209 0.0916394 -0.0533693 -0.220887 -0.925748 
-0.8953 3.385 -1.515 -0.891221 3.37839 -1.49635 -0.0303145 -0.234269 -0.0748516 -0.242605 0.0161141 0.0478204 -0.443982 -0.746053 
-1.255 3.315 -1.415 -1.26053 3.31893 -1.42431 0.0498351 -0.241326 -0.0889109 -0.237622 -0.0778503 0.0781163 -0.567937 -0.708878 
-1.215 2.945 -1.515 -1.21744 2.94541 -1.51978 0.0642284 -0.224203 -0.0530682 -0.215173 -0.0780654 0.0693867 -0.343798 -0.927612 
-1.705 2.325 -1.055 -1.72232 2.31843 -1.07193 0.1345 -0.140355 -0.0929855 -0.0570242 -0.149957 0.143865 -0.231686 -0.789912 
-1.615 2.615 -1.245 -1.6178 2.61516 -1.24859 -0.136049 0.188669 0.10171 0.126497 0.167929 -0.142298 -0.317283 -0.663849 
-1.645 3.135 -1.205 -1.64186 3.13308 -1.20082 0.2312 -0.0170809 -0.19717 -0.0405706 -0.300853 -0.0215097 -0.367001 -0.63721 
-1.535 1.605 -0.1954 -1.65164 1.53634 -0.236109 0.179815 -0.224333 -0.105265 -0.00309357 -0.132081 0.276197 0.399494 -0.371359 
-1.115 1.265 -1.305 -1.1152 1.26494 -1.30509 0.0755709 -0.237278 0.0112339 -0.150133 -0.0385733 0.195218 0.147365 -0.724906 
-1.145 0.785 -0.8954 -1.16449 0.782025 -0.900966 0.0604172 -0.375478 0.0307202 -0.158967 0.00279834 0.346842 0.365369 -0.653675 
-1.335 1.135 -0.1054 -1.44602 1.08972 -0.121828 0.15133 -0.346632 -0.060462 0.00964755 -0.0617044 0.377902 0.253826 -0.477542 
-1.435 1.235 0.1646 -1.51103 1.19387 0.160899 -0.118219 0.200651 0.0562851 -0.0359048 0.0441321 -0.23274 0.385456 -0.572675 
-1.875 2.345 -0.6554 -1.95149 2.29188 -0.716966 0.190654 -0.0626693 -0.139006 0.0119777 -0.215713 0.11368 0.376338 -0.482254 
-1.865 2.665 -0.9854 -1.87619 2.6629 -0.997843 0.151425 -0.0593838 -0.14558 -0.0149239 -0.206635 0.0687658 -0.125179 -0.731959 
-2.095 2.665 -0.7654 -2.07722 2.67044 -0.745623 -0.147011 0.0122314 0.124487 -0.0119075 0.18986 -0.0327165 0.570755 -0.678673 
-1.965 3.185 -0.9354 -1.95184 3.17945 -0.923319 0.162774 0.116243 -0.157284 0.0471509 -0.221919 -0.115216 -0.385656 -0.88903 
-2.125 3.405 -0.6354 -2.09377 3.38538 -0.61641 0.129954 0.137941 -0.112362 0.0116236 -0.14543 -0.165094 -0.34208 -1.09209 
-1.945 3.635 -0.6154 -1.93194 3.62263 -0.607965 0.130695 0.121935 -0.0609297 0.00418126 -0.0879579 -0.167056 -0.220947 -1.02118 
-2.045 3.585 -0.2654 -2.04536 3.58531 -0.265438 -0.119279 -0.122126 0.117162 0.0650108 0.099276 0.169668 -0.1916 -0.927705 
-2.295 3.295 -0.2454 -2.29803 3.29676 -0.245812 -0.100838 -0.118077 0.165101 0.056561 0.160705 0.149479 -0.391032 -1.2182 
-2.245 3.105 -0.6154 -2.22925 3.10066 -0.607921 -0.118509 -0.140238 0.137145 -0.0375782 0.173496 0.144937 -0.373691 -1.12294 
-2.165 2.845 -0.7554 -2.16317 2.84493 -0.754011 -0.0989717 -0.135668 0.116957 -0.0990329 0.152788 0.0934266 -0.358652 -1.39683 
-2.135 3.485 0.1746 -2.10982 3.45876 0.166664 -0.140075 -0.176629 0.0734641 0.0797896 0.0288098 0.221403 -0.177146 -0.766884 
-2.405 3.185 0.2246 -2.41553 3.18989 0.226407 0.0890858 0.186185 -0.135488 -0.105137 -0.0963587 -0.201543 -0.645776 -1.39858 
-2.455 2.845 -0.1154 -2.4862 2.85274 -0.121273 0.0782846 0.170827 -0.172442 0.00483971 -0.182252 -0.178347 -0.424371 -1.02566 
-2.375 2.485 -0.4054 -2.3629 2.48435 -0.400266 0.065722 0.171212 -0.142016 0.112549 -0.153325 -0.132761 -0.287433 -0.944028 
-2.245 2.335 -0.5154 -2.26075 2.32812 -0.527408 0.0618582 0.120031 -0.130128 0.135447 -0.120848 -0.0470838 -0.479993 -1.80344 
-2.105 2.315 -0.5754 -2.12922 2.29738 -0.598488 0.128532 -0.0247445 -0.120822 0.0318078 -0.161954 0.0670062 -0.0293663 -0.712873 
-1.955 2.075 -0.4754 -1.97342 2.05765 -0.489517 0.166592 -0.0558249 -0.0934221 0.0194103 -0.152837 0.125941 0.84813 -0.478727 
-1.665 1.505 -0.04537 -1.68658 1.48443 -0.0529457 0.124034 -0.137324 -0.0354295 -0.00371164 -0.0501949 0.18156 0.408764 -0.475812 
-1.965 1.755 -0.3054 -1.94599 1.77373 -0.298098 0.155067 -0.117314 -0.0873073 0.00671343 -0.121409 0.175059 0.0492886 -0.781528 
-2.135 1.875 -0.3354 -2.09769 1.91156 -0.318695 0.135172 -0.128247 0.0468572 -0.117324 -0.0753685 0.132171 -0.364472 -1.15154 
-2.295 1.935 -0.2454 -2.25285 1.9654 -0.230476 0.119097 -0.184861 0.0606363 -0.129539 -0.0223043 0.186431 -0.687977 -1.07414 
-2.415 2.125 -0.2554 -2.37364 2.13827 -0.241663 -0.0608714 -0.058534 0.17692 -0.107704 0.162936 0.0168503 -0.774384 -1.00697 
-2.545 2.435 0.04463 -2.59056 2.42993 0.037818 -0.0172768 -0.0919104 0.202014 -0.0475752 0.199448 0.0866745 -0.818218 -1.26604 
-2.585 2.675 0.4046 -2.6112 2.67596 0.40706 0.0303097 -0.181544 0.194731 0.0795135 0.193217 0.167756 -1.04135 -1.39881 
-2.365 2.905 0.7746 -2.3551 2.90084 0.76783 -0.0708957 -0.256351 0.0582844 0.190696 -0.00859253 0.194165 -0.83115 -1.61305 
-2.255 3.265 0.5746 -2.20591 3.22091 0.539414 0.1295 0.181845 -0.0166539 -0.0903932 0.046098 -0.199548 -0.308859 -1.11098 
-2.575 2.075 0.2346 -2.54932 2.08788 0.236121 -0.0959063 0.267511 -0.0514311 0.0247496 -0.0457432 -0.284078 -1.16912 -1.2743 
-1.955 1.595 0.2946 -2.02076 1.53565 0.28955 0.238052 -0.150503 0.0342979 -0.0299177 0.0168596 0.281633 -0.685523 -1.30509 
-1.655 1.325 0.2246 -1.6224 1.35739 0.227186 -0.114151 0.121209 -0.0268538 0.0362279 -0.00237021 -0.164697 0.37762 -0.729012 
-1.675 1.345 0.5646 -1.64 1.37246 0.56235 -0.1251 0.119216 0.0058042 -0.0406268 -0.0346248 -0.164459 0.592486 -1.49266 
-1.865 1.455 0.4946 -1.84091 1.48397 0.492395 0.123364 -0.074948 0.0212275 -0.00124043 0.0378639 0.140895 -0.266036 -1.13153 
-1.905 1.635 0.7446 -1.89069 1.65153 0.741179 0.142506 -0.091984 -0.000947599 0.049313 0.0749149 0.143965 -0.260068 -1.03267 
-2.065 1.845 0.8746 -2.03794 1.87409 0.866478 0.139637 -0.0945035 0.0187242 0.0567194 0.107294 0.118537 -0.378235 -1.0049 
-2.235 1.925 0.7246 -2.28335 1.88994 0.73243 -0.163396 0.0728542 -0.124078 0.0214749 -0.173296 -0.130033 -1.06362 -1.19564 
-2.555 2.245 0.7246 -2.49396 2.25116 0.710136 0.143068 -0.146922 0.126842 0.0477031 0.179357 0.153944 -1.15533 -1.50471 
-1.705 1.585 0.8246 -1.67702 1.61332 0.806016 -0.130002 0.076595 -0.0339344 -0.0185442 -0.0874023 -0.126237 0.820549 -0.707885 
-1.425 1.335 0.6246 -1.52595 1.26269 0.652521 0.116488 -0.173518 -0.0123536 0.0487412 0.0182844 0.202782 -0.0853555 -0.949694 
-1.525 1.685 0.9046 -1.57865 1.6499 0.945189 -0.134136 0.0606528 -0.0883753 0.000466237 -0.141236 -0.0976394 1.1838 -0.898687 
-1.805 1.835 1.005 -1.77829 1.86526 0.97732 0.117624 -0.0544214 0.0400347 0.0242072 0.108992 0.0770365 0.505536 -1.02047 
-2.015 1.995 1.025 -2.00592 2.00202 1.01158 0.0905016 -0.100513 -0.00825545 0.0970631 0.0837979 0.0437978 -0.874759 -2.56985 
-2.235 2.135 0.9746 -2.21264 2.1483 0.953221 0.109623 -0.0805893 0.0316399 0.0650114 0.110336 0.055789 -0.677302 -1.81604 
-2.405 2.215 0.8746 -2.39245 2.21597 0.866838 0.110164 -0.14025 0.0250604 0.0951333 0.095995 0.119033 -1.17138 -2.02145 
-2.165 2.365 0.9946 -2.16979 2.36636 1.00342 0.00188993 -0.172431 -0.00435328 0.158907 4.73971e-05 0.0671103 -0.800496 -1.59756 
-1.945 2.175 1.025 -1.9272 2.17769 0.987215 -0.142327 0.00511676 -0.0448757 -0.00102464 -0.148689 -0.0137038 0.723434 -0.588884 
-1.755 1.885 0.9946 -1.74449 1.89375 0.977323 -0.117044 0.022242 -0.0429989 -0.00525842 -0.117676 -0.0465568 1.41967 -1.26657 
-1.875 2.345 0.9946 -1.87976 2.34641 1.00766 0.154106 -0.00317998 0.0553579 0.00301429 0.163747 0.00101507 0.792357 -0.533561 
-2.075 2.615 1.015 -2.07797 2.61701 1.0208 -0.0977073 -0.159596 -0.0162551 0.146933 -0.0966704 0.0659344 -0.594298 -1.2546 
-1.525 1.965 0.9646 -1.63019 1.9313 1.07892 -0.170661 0.0962235 -0.101085 -0.0447454 -0.188977 -0.104345 0.848768 -1.18312 
-1.695 2.365 0.9846 -1.73209 2.36961 1.05913 0.151082 -0.0304846 0.0656922 0.0262118 0.164691 0.016142 0.920685 -0.648952 
-1.845 2.795 1.035 -1.83785 2.78876 1.01673 -0.190448 -0.0549636 -0.0539832 0.0391725 -0.193044 0.0583529 0.128462 -0.789707 
-2.075 3.085 0.8246 -2.06171 3.07138 0.804169 -0.175017 -0.170931 -0.0306928 0.109178 -0.142183 0.169276 -0.244775 -0.969163 
-1.605 2.845 1.105 -1.59334 2.83355 1.08006 -0.146644 -0.0324968 -0.0528695 0.0164512 -0.15116 0.0472816 0.173836 -0.572071 
-1.585 2.655 1.165 -1.58713 2.65578 1.17054 -0.135891 0.0410624 -0.0620232 -0.0422137 -0.148929 -0.00610994 -0.0724501 -1.2115 
-1.395 2.545 1.275 -1.38559 2.54104 1.25334 0.078799 -0.128668 0.0503783 0.114288 0.0932845 0.0594883 0.266764 -1.0627 
-1.535 2.345 1.165 -1.53486 2.345 1.1648 -0.113079 0.0858732 -0.0617205 -0.073349 -0.12878 -0.0447904 0.600717 -0.719006 
-1.305 2.225 1.305 -1.29982 2.22272 1.29678 -0.0908796 0.152696 -0.0699465 -0.137299 -0.113349 -0.0690556 0.923309 -0.740788 
-1.375 1.645 1.305 -1.35246 1.65514 1.29151 -0.0998485 0.0719416 -0.122325 -0.00869991 -0.152391 -0.0825227 0.57792 -1.02749 
-1.355 1.795 1.355 -1.34473 1.79728 1.34706 -0.0702218 0.0799835 -0.102054 -0.0460025 -0.123877 -0.0654339 0.754195 -1.37267 
-1.245 1.955 1.485 -1.22399 1.9505 1.45994 -0.0664805 0.108585 -0.0973562 -0.102122 -0.111045 -0.054117 0.668167 -1.19126 
-1.005 2.075 1.605 -1.00395 2.07407 1.60284 0.0242914 -0.15366 0.0646704 0.156458 0.0435804 0.0447804 0.179379 -1.46435 
-0.6953 2.085 1.645 -0.693263 2.07751 1.62609 -0.0445487 -0.156614 0.0487476 0.163819 -0.0399516 0.021354 0.030253 -0.594 
-0.4853 2.085 1.625 -0.483993 2.08821 1.63548 -0.0679191 -0.119947 0.0371635 0.1246 -0.0696232 0.00300243 0.0105493 -0.959598 
-0.1553 2.195 1.515 -0.149893 2.19738 1.53767 -0.156017 -0.132135 0.0498876 0.135738 -0.16082 -0.00145448 0.12419 -0.729737 
-1.375 1.365 0.9546 -1.39051 1.35367 0.962328 -0.0813023 0.162804 0.0674505 -0.0942715 0.0225793 -0.168131 -0.195616 -0.318459 
-1.265 0.855 0.5746 -1.2651 0.854948 0.574633 0.0893015 -0.199557 -0.0395548 0.0795465 -0.00550741 0.207375 0.225554 -0.948818 
-1.155 1.035 0.8746 -1.17608 1.01966 0.888029 -0.0516318 0.172538 0.106394 -0.134768 0.0527932 -0.151015 0.39612 -0.629491 
-1.135 1.155 1.215 -1.12895 1.16119 1.21008 -0.0350598 0.144182 0.124856 -0.146586 0.060849 -0.111429 0.096603 -1.20698 
-1.315 1.435 1.315 -1.30958 1.43867 1.31225 0.026209 0.0932429 0.140486 -0.100269 0.122923 -0.0628795 -0.650255 -1.10168 
-1.005 1.325 1.585 -1.01198 1.31359 1.59637 -0.0396817 0.133157 0.0675473 -0.136677 -0.00425824 -0.0718985 -1.05167 -1.81187 
-1.205 1.545 1.595 -1.20513 1.54492 1.59511 0.0449774 0.0757646 0.0669661 -0.0672397 0.0771494 -0.0421247 -1.37386 -1.8979 
-1.225 1.635 1.605 -1.20676 1.64056 1.59417 0.0832864 -0.0182148 0.0785557 0.00438219 0.113788 0.021738 -0.938048 -1.5427 
-1.225 1.725 1.615 -1.21228 1.72334 1.60502 0.0493958 -0.0640491 0.0478489 0.0473908 0.0687554 0.0431111 -0.777942 -1.93268 
-1.175 1.795 1.645 -1.16805 1.79334 1.63893 -0.0424366 0.0542048 -0.0408809 -0.0483713 -0.0579682 -0.0266492 -0.807606 -1.95042 
-1.085 1.845 1.705 -1.0704 1.83557 1.68537 -0.033449 0.0942571 -0.0398747 -0.0905126 -0.0468246 -0.0347587 -0.673618 -1.75328 
-0.9053 1.795 1.765 -0.903279 1.79201 1.7541 0.0282106 0.13908 -0.00435193 -0.135531 0.0264579 -0.0330061 -1.14967 -1.39081 
-0.6053 1.825 1.755 -0.605807 1.82453 1.75134 -0.144567 -0.0546675 0.020688 0.0558638 -0.145463 0.00599236 -0.839737 -1.36716 
-0.4153 1.905 1.705 -0.421958 1.90174 1.68098 -0.0885225 -0.0942391 0.0348764 0.0962003 -0.0929079 -0.00687182 -0.124059 -1.40782 
-0.3153 1.715 1.675 -0.332076 1.71694 1.63134 -0.159926 -0.0719192 0.0452654 0.0650117 -0.165671 -0.0335319 -0.0225032 -0.938177 
0.09474 1.825 1.425 0.0931649 1.82553 1.41966 -0.208675 -0.0498266 0.0296652 0.0464283 -0.209941 -0.0260297 0.815996 -0.262464 
-0.2353 1.495 1.565 -0.251791 1.5076 1.51848 -0.145088 0.0793475 0.0807024 -0.0962534 -0.155531 -0.0201271 0.316986 -0.612369 
0.06474 1.455 1.325 0.0742394 1.45131 1.34849 -0.145313 0.0310044 0.0453906 -0.0381292 -0.149261 -0.0201119 0.808335 -0.195927 
0.1247 2.275 1.445 0.131019 2.2779 1.4917 0.178325 0.0455126 -0.0310539 -0.0483024 0.179744 -0.0139396 0.146148 -0.627304 
0.2447 1.325 1.255 0.251374 1.31877 1.2905 0.175661 -0.00489919 -0.0338418 0.0106514 0.17614 0.0297885 0.522059 0.00427443 
-0.06526 1.255 1.305 -0.0529757 1.24278 1.35757 -0.119085 0.122108 0.0727119 -0.134625 -0.127319 -0.00667205 0.459904 -0.384425 
-0.4253 1.265 1.555 -0.435209 1.29315 1.49468 0.0993095 -0.145585 -0.0972232 0.171421 0.103552 0.0200369 0.528892 -0.98567 
-0.2153 1.095 1.305 -0.215824 1.09616 1.30138 -0.0790808 0.166699 0.0933292 -0.188581 -0.0842884 -0.00923969 0.76515 -0.208646 
-0.4853 0.945 1.255 -0.496911 0.914495 1.31119 -0.0944158 0.173354 0.0836955 -0.190597 -0.0711044 -0.0677348 0.582413 -1.23964 
-0.9053 1.125 1.435 -0.887204 1.16539 1.38617 0.0723686 -0.144032 -0.109179 0.167081 0.00847167 0.0995726 0.557783 -1.41478 
-0.7453 0.915 1.175 -0.75363 0.906422 1.18524 -0.054849 0.170703 0.0901668 -0.175702 -0.00530272 -0.0968418 0.841747 -1.00345 
-0.8153 1.375 1.695 -0.815378 1.37097 1.70029 -0.0831827 0.116909 0.0459794 -0.123319 -0.0654715 -0.0566303 -0.98335 -1.89471 
-0.5753 1.485 1.745 -0.585814 1.49466 1.71281 -0.165189 -0.000150967 0.0251807 -0.00721925 -0.159796 -0.0483174 -0.827065 -1.31944 
-0.8953 1.555 1.775 -0.89599 1.55294 1.78229 -0.124986 0.0503197 -0.0250246 -0.0420215 -0.124198 -0.0398609 -1.66737 -2.16177 
-1.055 1.485 1.695 -1.05306 1.48745 1.69054 0.0520515 -0.0790404 -0.00189062 0.06646 0.0425156 0.052305 -1.4349 -1.94943 
-1.105 1.645 1.745 -1.09371 1.64468 1.72324 0.0827929 -0.0390033 0.046011 0.0268747 0.0938067 0.0311607 -2.02447 -2.22629 
0.4547 2.365 1.435 0.459737 2.37637 1.48899 -0.200487 0.0744183 4.44467e-05 -0.0738842 -0.199063 0.0254574 -0.146361 -0.708481 
0.3047 1.855 1.425 0.307319 1.85322 1.46259 -0.18764 -0.00877506 0.0216199 0.00468413 -0.185804 -0.03476 0.551214 -0.846485 
0.3647 1.505 1.315 0.364123 1.50702 1.30651 -0.153889 -0.0587086 0.0113196 0.0538495 -0.149676 -0.0442056 0.879619 -0.159342 
0.5247 1.355 1.255 0.528726 1.34672 1.28514 -0.062257 -0.185633 -0.0448875 0.190038 -0.0555244 -0.033953 0.375367 -0.371456 
0.3347 0.795 1.235 0.327892 0.803801 1.19583 0.0704498 -0.272604 -0.0718824 0.278095 0.0793634 -0.0284216 0.0762487 -0.122686 
-0.1453 0.565 1.255 -0.1479 0.583274 1.18615 -0.137059 0.188713 0.053495 -0.1959 -0.128412 -0.048915 0.132724 -0.392784 
-0.9853 0.695 0.8546 -0.995677 0.689968 0.860637 -0.0435938 0.183636 0.0842175 -0.142553 0.0330893 -0.145941 0.355356 -0.886443 
-1.165 0.545 0.4946 -1.12805 0.558278 0.485791 0.06191 -0.248773 -0.0707404 0.126973 -0.034135 0.231166 0.374958 -0.652937 
0.9047 1.265 1.165 0.913316 1.25769 1.19503 0.0667188 0.251134 0.065557 -0.243403 0.0370377 0.105834 0.277458 -0.544425 
0.9547 1.485 1.325 0.94829 1.49471 1.299 0.0565939 0.179134 0.0619823 -0.18241 0.0338743 0.0686522 0.453241 -1.01206 
0.6447 1.745 1.455 0.644116 1.75295 1.43021 -0.132428 -0.141471 -0.0394849 0.146874 -0.127178 -0.0369342 0.157177 -0.74633 
0.5747 2.045 1.495 0.573767 2.04459 1.50303 0.154533 -0.0196643 0.0107864 0.0189542 0.15465 0.0103849 0.103275 -0.95782 
0.7047 2.255 1.505 0.703795 2.24908 1.48835 -0.121939 0.100732 -0.0262165 -0.103392 -0.121881 0.012593 0.197599 -0.722407 
1.155 2.475 1.425 1.15336 2.47187 1.41941 0.0564059 -0.132592 0.0546773 0.137303 0.0329402 -0.061764 0.0544036 -1.17468 
0.9447 2.265 1.545 0.943085 2.25496 1.51992 -0.0934945 0.120802 -0.0366772 -0.12595 -0.0923838 0.0167793 -0.0440428 -0.98379 
0.8847 2.075 1.565 0.885277 2.07523 1.55952 -0.147802 -0.0160803 -0.00506876 0.015773 -0.147674 0.00855652 -0.497103 -1.29855 
0.9347 1.905 1.555 0.93456 1.90582 1.55303 -0.108769 -0.0805171 -0.0149406 0.0818694 -0.106336 -0.0229538 -0.559281 -1.62019 
1.095 1.765 1.495 1.08866 1.77846 1.47375 0.0782035 0.162802 0.0535279 -0.164209 0.0543465 0.0746152 -0.424354 -1.32848 
1.365 1.565 1.125 1.36631 1.5639 1.12659 0.0234452 0.162085 0.0844322 -0.131619 -0.0440827 0.121174 0.225206 -1.37672 
1.185 1.305 1.055 1.18974 1.30196 1.06352 -0.037907 -0.165836 -0.0554191 0.144041 0.00252868 -0.106092 0.713463 -0.940478 
1.425 1.845 1.335 1.43155 1.84015 1.34113 -0.00246755 0.14027 0.0823621 -0.119666 -0.057359 0.0941022 -0.654397 -1.72835 
1.285 2.055 1.555 1.27774 2.06208 1.54191 0.0162809 0.119675 0.00213933 -0.109759 0.014066 0.0484436 -1.1492 -1.86595 
1.445 2.035 1.445 1.44115 2.03646 1.4418 -0.0322762 0.0785263 0.0434428 -0.0638841 -0.0525286 0.0474866 -1.36101 -1.85447 
1.205 2.115 1.595 1.19867 2.12207 1.56619 0.0841014 0.0894177 -0.0333494 -0.0893572 0.0893902 0.0143332 -1.27394 -1.94295 
1.235 2.215 1.555 1.2339 2.21146 1.54044 -0.116725 0.0475085 0.0301055 -0.0382178 -0.117879 0.037843 -1.20941 -1.57256 
1.415 2.355 1.405 1.41226 2.35172 1.40013 -0.00710719 0.102745 -0.0468691 -0.0899881 0.0232209 0.0645498 -0.821029 -1.993 
1.425 2.215 1.505 1.41458 2.21288 1.4878 0.0575334 0.0680313 -0.0603031 -0.0638759 0.0810311 0.0304736 -2.03987 -2.70785 
1.395 2.545 1.245 1.38605 2.53741 1.23065 -0.000216244 -0.132562 0.0678778 0.1105 -0.0456511 -0.0888025 0.498459 -1.45589 
1.545 2.435 1.125 1.55014 2.43726 1.12789 0.00207359 0.0867332 -0.065414 -0.0602803 0.0553481 0.0714759 0.303775 -1.9223 
1.525 2.335 1.305 1.52014 2.3326 1.30103 -0.0325643 -0.075009 0.077998 0.0629205 -0.0793934 -0.0500816 -1.13159 -1.96424 
1.545 2.115 1.355 1.52694 2.1174 1.34412 -0.071419 0.044175 0.0909639 -0.0288073 -0.115636 0.0335392 -1.36805 -1.60915 
0.8147 0.505 1.155 0.7979 0.519161 1.08074 0.032016 0.251469 0.0444516 -0.241115 0.0150103 0.088746 -0.0538047 -0.455908 
1.005 0.555 1.055 0.995049 0.559067 1.0384 0.0219954 0.226779 0.0433608 -0.205769 -0.00050313 0.107011 -0.102045 -0.839995 
1.215 0.885 0.9446 1.22015 0.883095 0.952576 -0.0364758 -0.219823 -0.0324256 0.172599 -0.00733509 -0.144431 0.0941627 -0.85996 
1.425 1.405 0.8546 1.44044 1.39929 0.867759 0.00293101 0.160456 0.0761561 -0.106774 -0.0592749 0.128998 0.517194 -0.907625 
1.485 1.105 0.7146 1.5081 1.10037 0.731055 0.0040399 0.209983 0.0572535 -0.127078 -0.0442134 0.171124 0.00191433 -0.936527 
1.555 1.525 0.7346 1.55645 1.52474 0.735206 -0.00853877 0.150274 0.0991237 -0.0743816 -0.0933134 0.135058 0.38859 -0.778532 
1.545 1.705 1.025 1.51446 1.71378 1.01154 -0.00906866 0.146067 0.10959 -0.0992612 -0.096042 0.119796 0.218409 -1.17591 
1.615 2.035 1.135 1.61247 2.03561 1.13399 -0.0191947 0.113092 0.0961046 -0.0509932 -0.0960309 0.102821 -0.613142 -1.59829 
1.625 2.285 1.065 1.6024 2.28417 1.05841 0.0245817 0.0997832 -0.093809 -0.0411761 0.0962831 0.0916251 -0.22867 -0.97109 
1.675 2.095 0.8446 1.62377 2.09828 0.830965 -0.0288144 0.11116 0.129817 -0.0333306 -0.132776 0.106296 -0.155119 -0.392536 
1.695 1.235 0.4046 1.64107 1.24569 0.381407 -0.0412032 -0.248604 -0.0171436 0.0916314 0.00104404 -0.235368 0.204256 -0.539682 
1.315 0.595 0.8046 1.31381 0.595306 0.803437 0.0340134 0.18357 0.0168493 -0.130515 0.011881 0.134028 -0.153317 -0.60848 
1.505 0.625 0.6146 1.48925 0.62841 0.604145 -0.00979857 -0.232078 -0.0590642 0.139476 0.0425221 -0.190219 -0.102985 -0.685435 
1.695 0.715 0.2746 1.69189 0.715513 0.273604 0.0156115 0.232617 0.0532144 -0.0726496 -0.0461634 0.223108 -0.151245 -0.990408 
1.755 1.285 0.1646 1.72203 1.29142 0.158534 0.0415161 0.213612 0.0209319 -0.0392824 -0.0133977 0.214637 0.348013 -0.863032 
1.745 1.305 -0.1254 1.69508 1.31328 -0.114027 0.0354037 0.221403 0.0370227 -0.00327838 -0.0369663 0.224201 0.57848 -0.566383 
1.705 1.325 -0.3654 1.68575 1.3275 -0.356204 0.0635285 0.31787 0.0497514 0.0776057 -0.0643538 0.312071 0.366432 -0.376882 
1.395 1.275 -1.205 1.38069 1.27618 -1.19598 -0.000245811 0.269996 -0.0204779 0.1678 0.0162235 0.211889 0.0172244 -0.705966 
1.395 1.025 -1.155 1.41768 1.023 -1.16924 0.00798515 -0.334151 0.0398305 -0.208011 -0.0362198 -0.262158 -0.190695 -0.728638 
1.705 0.835 -0.3854 1.70438 0.835005 -0.385174 -0.0100555 -0.25823 0.038809 -0.0486955 -0.0363022 -0.254167 -0.145205 -0.541403 
1.745 0.755 -0.005373 1.72954 0.756081 -0.00346575 -0.0165432 -0.225866 -0.0351312 0.0210677 0.0335665 -0.225727 -0.178277 -0.654248 
0.3847 0.375 1.135 0.387352 0.367636 1.16923 -0.0906288 0.221588 0.0633677 -0.228959 -0.0943517 0.00247719 -0.218641 -0.448206 
-0.1753 0.215 1.165 -0.167249 0.230944 1.1086 0.0297861 -0.204213 -0.0491904 0.205882 0.0185302 0.0477394 0.0733453 -0.583812 
-0.4353 0.395 1.145 -0.419447 0.416035 1.08862 -0.0571644 0.190849 0.0539893 -0.189425 -0.0358781 -0.0737372 0.342941 -0.730237 
-0.6553 0.615 1.085 -0.657553 0.613219 1.08835 -0.054238 0.160072 0.0516124 -0.150551 -0.0220329 -0.089876 0.411471 -0.88042 
1.675 0.495 -0.4154 1.65015 0.496252 -0.405314 -0.0148297 -0.28667 0.0268783 -0.0510408 -0.0238703 -0.282749 0.197475 -0.658263 
1.375 0.505 -1.075 1.37294 0.505044 -1.07361 -0.00444846 -0.351579 0.0609131 -0.227767 -0.0440943 -0.271138 0.22651 -0.818677 
1.615 0.07499 -0.4154 1.63764 0.0764231 -0.420389 -0.0153261 -0.302587 -0.00421919 -0.0335676 0.00589841 -0.301082 0.427435 -1.00414 
1.365 -0.06501 -1.005 1.39355 -0.0616895 -1.02445 0.031008 -0.347925 0.0382379 -0.226425 -0.0492125 -0.264169 0.225701 -0.920878 
0.8547 -0.08501 -1.415 0.846721 -0.0839365 -1.4051 -0.0461151 0.309929 -0.0541588 0.302336 0.0588014 0.0790636 0.157443 -0.860216 
0.9747 0.955 -1.565 0.96343 0.957279 -1.5539 0.0132885 -0.326371 0.0422724 -0.295689 -0.0304136 -0.141862 -0.135049 -0.777548 
1.015 1.285 -1.595 0.985532 1.288 -1.56685 -0.00248601 -0.280558 0.019765 -0.254137 -0.00622695 -0.120355 -0.102805 -0.794235 
0.6547 1.115 -1.715 0.646201 1.11748 -1.69507 -0.0135131 -0.294293 0.0281377 -0.292667 0.00933534 -0.0429147 -0.139781 -0.968406 
0.5947 0.245 -1.565 0.589625 0.247765 -1.55025 0.0173455 -0.330941 0.0608822 -0.335447 -0.0218135 -0.0230032 -0.0292054 -1.00568 
1.105 -0.295 -1.265 1.09845 -0.295121 -1.25729 0.0449658 -0.235557 0.0226291 -0.202898 -0.0502315 -0.11971 0.319854 -0.911127 
1.305 -0.695 -1.205 1.29194 -0.698191 -1.18778 0.0379787 -0.228598 -0.00815498 -0.183518 -0.0255157 -0.139414 0.180679 -0.99912 
1.535 -0.955 -1.055 1.51039 -0.959866 -1.03482 -0.042245 0.223489 0.00991944 0.145525 0.0197868 0.173958 0.116309 -0.751348 
1.645 -0.835 -0.8454 1.64472 -0.83506 -0.845289 -0.0594705 0.281375 -0.0064062 0.144629 0.0361696 0.246016 0.0632018 -0.872764 
1.775 -0.625 -0.4354 1.78305 -0.622967 -0.436636 -0.0590833 0.328303 -0.0139822 0.0465404 0.0224237 0.329849 0.131859 -1.22989 
0.4147 1.245 -1.765 0.411059 1.24784 -1.72187 -0.0317589 -0.290839 0.0220283 -0.29167 0.0315968 -0.00333896 -0.161475 -0.733857 
0.3747 0.415 -1.605 0.374807 0.416411 -1.59507 0.0186556 -0.32118 0.0521395 -0.324685 -0.0149524 0.0240661 -0.0955022 -0.710323 
0.1447 1.245 -1.725 0.147021 1.24826 -1.69021 0.328973 0.0137917 -0.0174666 0.014894 -0.328721 0.0209611 0.0886178 -0.185462 
0.2247 0.445 -1.535 0.223051 0.441549 -1.55714 0.29656 -0.00617688 -0.0310878 -0.000961589 -0.294149 0.0492719 0.363045 -0.0860795 
0.01474 0.435 -1.565 0.0147796 0.434852 -1.56592 0.325636 0.0345262 -0.0109338 0.0360105 -0.319205 0.0645126 0.362235 -0.177001 
-0.00526 1.275 -1.695 -0.00520733 1.27524 -1.69197 0.262863 0.0491229 -0.0155156 0.0498829 -0.262863 0.0128767 0.213155 -0.226254 
-0.3553 1.145 -1.675 -0.358278 1.14091 -1.7066 -0.014842 0.313778 -0.0252215 0.314363 0.0134589 -0.0175518 -0.195934 -0.713612 
-0.2853 0.335 -1.525 -0.288691 0.32412 -1.58223 0.0306419 0.24534 -0.0520976 0.250701 -0.0315129 -0.000948642 -0.11083 -0.929806 
-0.5053 0.275 -1.595 -0.493723 0.281354 -1.56324 -0.0176987 0.307568 -0.059691 0.309796 0.00825481 -0.0493216 -0.0589718 -1.53144 
-0.6153 1.055 -1.685 -0.60583 1.05759 -1.66395 0.0549681 -0.275566 0.020018 -0.267524 -0.047983 0.0740751 -0.132545 -1.2314 
-0.8953 0.935 -1.465 -0.89575 0.934893 -1.46533 0.053636 -0.29691 0.0305723 -0.253643 -0.0289655 0.163686 -0.0319216 -1.00634 
-0.8553 0.105 -1.295 -0.826838 0.107725 -1.27182 -0.0254036 -0.281307 0.0309121 -0.23303 0.0384035 0.157976 0.358293 -0.943794 
1.675 0.305 0.07463 1.63431 0.307498 0.0739473 0.0107349 0.225091 0.0237703 -0.0628199 -0.0198992 0.216804 0.240659 -0.845351 
1.615 -0.115 0.01463 1.63083 -0.113415 0.0185059 0.0071776 -0.304382 -0.0274922 0.0673868 0.0283992 -0.29683 0.425444 -1.04451 
1.355 -1.135 -1.245 1.35837 -1.13384 -1.25104 -0.0147738 0.213853 0.0349398 0.175384 -0.00876568 0.12781 0.0175036 -1.04691 
1.045 -0.955 -1.305 1.04895 -0.952767 -1.32452 0.0202419 -0.260106 -0.0337949 -0.247072 -0.00752996 -0.0900318 0.183744 -0.632853 
0.7647 -0.645 -1.375 0.761983 -0.644836 -1.36398 0.0469727 -0.189236 0.00277605 -0.184878 -0.0464928 -0.0410222 0.3508 -0.623877 
0.5847 -0.795 -1.375 0.582609 -0.795531 -1.35183 -0.000921315 -0.256506 -0.00953146 -0.256338 0.00141346 -0.0132607 0.34397 -0.24046 
0.5847 -0.515 -1.395 0.58544 -0.515262 -1.39776 0.0132859 -0.203889 0.0048715 -0.203551 -0.0135606 -0.0124242 0.253554 -0.910102 
0.3447 -0.525 -1.315 0.342811 -0.534101 -1.38805 0.0138318 -0.282352 0.00982679 -0.282513 -0.013741 0.00283338 0.200979 -0.240386 
0.1647 -0.285 -1.285 0.164323 -0.302449 -1.37963 -0.248041 -0.036405 0.019425 -0.0388861 0.245827 -0.0358289 0.43476 0.0853658 
-0.2153 -0.285 -1.395 -0.217842 -0.291184 -1.43253 -0.00764567 -0.243545 0.0278475 -0.245077 0.00700245 -0.00604591 0.119365 -0.738617 
-0.6253 -0.235 -1.445 -0.609604 -0.229862 -1.3973 0.0453694 0.201405 -0.0240663 0.196266 -0.049816 -0.0469009 0.236042 -1.19516 
-0.9253 -0.265 -1.205 -0.946534 -0.260586 -1.22565 0.0574058 0.208638 -0.0282976 0.167157 -0.0629956 -0.125363 0.363586 -1.17018 
-0.7653 -0.575 -1.315 -0.776211 -0.571895 -1.33988 -0.0669561 -0.168332 0.00919176 -0.160764 0.0667326 0.0510408 0.491974 -1.43337 
-0.4853 -0.515 -1.375 -0.485889 -0.515189 -1.38267 -0.0232408 -0.162763 0.00497965 -0.162391 0.023539 0.0114828 0.391376 -0.912888 
-0.2953 -0.565 -1.355 -0.295352 -0.56496 -1.35426 0.0238865 -0.17586 0.0059929 -0.175583 -0.024218 -0.0108314 0.470068 -0.201452 
0.07474 -0.525 -1.295 0.0749996 -0.526178 -1.30598 0.185231 -0.0460242 -0.00115075 -0.0459774 -0.185173 0.00520869 0.504736 0.480158 
0.2047 -1.005 -1.345 0.204775 -1.00517 -1.35744 -0.0554839 -0.199896 -0.0218334 -0.201044 0.0555997 0.00185739 0.357457 0.048114 
-0.09526 -0.985 -1.375 -0.0955386 -0.985647 -1.37068 0.193993 -0.0458309 0.00855429 -0.0441292 -0.192313 -0.0295873 0.295812 0.183213 
-0.3253 -0.945 -1.385 -0.32416 -0.941926 -1.40486 -0.0254844 -0.166431 -0.0226009 -0.167889 0.0259004 -0.00141975 0.188177 -0.479142 
-0.5453 -0.895 -1.375 -0.545299 -0.894989 -1.37509 0.00420569 -0.167899 -0.0180978 -0.168857 -0.00441687 0.00173644 0.557001 -0.364807 
-0.7353 -0.855 -1.345 -0.741665 -0.850202 -1.37224 -0.0281115 -0.180867 -0.0188475 -0.177849 0.0233691 0.0410091 0.197728 -0.670879 
-0.9453 -0.975 -1.385 -0.927937 -0.982518 -1.34599 0.040123 0.202348 0.0244692 0.189909 -0.0280577 -0.0793769 0.160238 -0.709268 
-1.135 -0.615 -1.165 -1.14032 -0.612881 -1.17117 -0.0681027 -0.20337 -0.00321312 -0.15457 0.0495455 0.140218 0.0748671 -1.07732 
-1.355 -1.125 -1.215 -1.33581 -1.13173 -1.19099 0.0478909 0.264039 0.0476387 0.199104 -0.00253747 -0.186094 -0.0831077 -1.03231 
-1.365 -0.655 -0.9554 -1.31959 -0.667631 -0.933698 -0.085013 -0.256966 0.0052773 -0.137541 0.0501796 0.227708 0.136139 -0.813648 
-1.215 0.435 -0.3054 -1.23719 0.433888 -0.30625 0.0155149 -0.34383 -0.00819216 0.00126744 -0.00814328 0.344178 0.466173 -0.712932 
-1.055 0.05499 -0.9454 -1.10465 0.058767 -0.9608 0.0376386 0.296389 -0.0231126 0.149508 -0.039008 -0.256755 0.400224 -0.82563 
-1.365 -0.385 -0.8354 -1.29211 -0.409432 -0.822796 0.0724634 0.226468 -0.0100639 0.0863012 -0.0373295 -0.218628 0.206237 -0.713505 
-1.245 -0.08501 -0.4654 -1.30642 -0.0676788 -0.462504 0.0543758 0.315919 -0.000458574 0.0492562 -0.00893756 -0.316631 0.32726 -0.874616 
-1.095 0.205 0.3546 -1.06627 0.205038 0.345435 -0.00149945 -0.305601 -0.0642464 0.131341 -0.0589056 0.277131 0.677672 -0.688528 
-0.9053 0.03499 0.6246 -0.906125 0.0347444 0.625192 0.000667769 -0.208578 -0.0567065 0.143031 -0.0420894 0.156498 0.491924 -0.889743 
-0.9953 0.385 0.7246 -0.984086 0.388358 0.717558 -0.0378504 0.165445 0.044375 -0.108508 0.0120061 -0.137316 0.0931266 -0.973825 
-0.7153 0.345 0.9546 -0.707373 0.349066 0.944015 -0.0423104 0.196129 0.0491807 -0.16747 -0.00583413 -0.12081 0.152977 -0.791058 
-0.4853 -0.115 0.8646 -0.50823 -0.124144 0.909472 0.0206666 -0.231526 -0.0306761 0.207034 0.00390973 0.109971 0.362444 -0.864725 
-0.1253 -0.05501 1.005 -0.128497 -0.059121 1.02224 0.00663086 -0.147799 -0.0357674 0.149771 0.000152313 0.0271364 0.488772 -0.690224 
-0.1153 -0.245 1.005 -0.109128 -0.242721 0.9668 0.0156308 0.164073 0.0299893 -0.164283 0.0203489 -0.0257032 1.01667 -0.68847 
-0.3153 -0.575 0.9646 -0.308699 -0.57492 0.94787 0.0177149 0.17858 -0.0190578 -0.174163 0.012408 -0.0456216 0.783108 -0.945448 
-0.6253 -0.345 0.7646 -0.625238 -0.344996 0.764502 -0.0333286 -0.169867 -0.00571764 0.145161 -0.0314796 0.0890824 0.973627 -0.526135 
-0.6153 -0.575 0.7746 -0.630527 -0.565468 0.806386 -0.0519991 -0.156477 0.00575537 0.136419 -0.0422954 0.0826021 0.397078 -0.276141 
-0.8253 -0.485 0.6146 -0.867401 -0.462386 0.662183 0.0712722 0.193355 0.00631343 -0.144058 0.0575351 -0.135804 0.509378 -0.706323 
-0.8753 -0.165 0.6046 -0.889293 -0.163157 0.615626 -0.0312678 -0.1751 -0.0386918 0.125418 -0.0494251 0.12232 0.767543 -0.902638 
-1.165 -0.255 0.2746 -1.20903 -0.239607 0.29443 -0.0765956 -0.305019 -0.0146169 0.154841 -0.0517829 0.269184 0.374798 -1.02288 
-0.1053 -0.665 1.015 -0.101866 -0.669375 0.98473 -0.0332176 -0.149392 0.0223153 0.150892 -0.0317749 0.0118907 0.7817 -0.948743 
0.1447 -0.235 1.005 0.144061 -0.234055 0.998096 -0.0510834 -0.183029 -0.0232063 0.184266 -0.0494179 -0.0158596 0.375614 -0.441246 
0.2047 -0.595 0.9246 0.20641 -0.595949 0.941107 -0.0427834 -0.115987 0.00790679 0.115281 -0.0434152 -0.0130886 0.636452 -0.0761482 
0.1047 -0.745 0.9546 0.105162 -0.744352 0.957619 0.0165561 0.0971957 -0.024823 -0.0992319 0.0195557 0.010387 1.22453 0.0728757 
0.1647 0.01499 1.015 0.167535 0.00557818 1.0551 -0.0119138 0.188447 0.044584 -0.193608 -0.012509 0.00113635 0.259837 -0.413317 
0.6947 0.01499 1.015 0.692439 0.0169683 1.00615 0.00379905 0.219644 0.0474498 -0.212349 -0.0120141 0.0726147 0.0238842 -0.603112 
0.4947 -0.305 0.9746 0.492251 -0.300679 0.951879 -0.0189706 -0.145279 -0.0194567 0.145138 -0.0158768 -0.0229631 0.304823 -0.27287 
0.4147 -0.515 0.9446 0.413453 -0.513729 0.925298 -0.0317424 0.116175 0.00241383 -0.1161 -0.0318119 0.00432811 0.554547 -0.0133152 
0.2647 -0.765 0.8046 0.282155 -0.740931 0.902819 -0.102186 -0.0317612 0.00732226 0.0325054 -0.101081 0.0151777 1.96411 1.29277 
0.3447 -0.635 0.8646 0.347717 -0.637875 0.892934 -0.0246377 0.0661037 -0.00298106 -0.0661609 -0.0245535 0.0023399 1.33466 0.975141 
0.4147 -0.675 0.8846 0.414366 -0.675193 0.904871 -0.00819275 0.0762996 -0.0126783 -0.0772081 -0.00882805 -0.00323628 1.74962 0.157862 
0.5547 -0.625 0.9446 0.553283 -0.627452 0.927035 0.0211462 -0.120979 0.0102972 0.121293 0.0205773 -0.00732873 1.24603 -0.954496 
0.7047 -0.355 0.9446 0.701305 -0.353533 0.934708 -0.00336465 0.149146 0.0161421 -0.145033 -0.00736147 0.0377865 0.437999 -1.06768 
0.7747 -0.565 0.9146 0.775964 -0.564935 0.917882 0.0124131 -0.137487 0.0119186 0.133221 0.00881552 -0.0370575 0.837192 -1.47513 
0.9847 -0.185 0.8446 0.974023 -0.182822 0.826228 -0.00286459 0.192571 0.0241061 -0.168815 -0.0143657 0.0946994 0.516049 -0.813279 
1.005 -0.525 0.7646 1.02924 -0.519544 0.796859 0.0224287 -0.190068 -0.00105914 0.158189 0.0192576 -0.105996 0.354383 -0.614685 
0.9647 0.03499 0.8846 0.979569 0.0279391 0.914607 0.0222489 0.199329 0.0395018 -0.177057 -0.000483673 0.102166 -0.0549121 -0.881048 
1.255 0.285 0.7446 1.26376 0.282591 0.752751 -0.0352938 -0.223912 -0.0293098 0.162445 -0.00456638 -0.160725 -0.0734019 -0.630872 
1.235 -0.115 0.6046 1.25371 -0.117384 0.619366 0.00699686 -0.229293 -0.0386927 0.165731 0.0320706 -0.160081 0.513566 -0.773745 
1.215 -0.445 0.5546 1.27703 -0.432487 0.606117 0.0347229 -0.2464 -0.0127079 0.174574 0.0336045 -0.174569 0.351429 -0.692764 
1.555 0.125 0.2846 1.55995 0.124359 0.287455 -0.00798138 0.240288 0.0549885 -0.10278 -0.0532506 0.217776 0.240797 -0.861865 
1.805 -0.855 0.05463 1.78934 -0.858263 0.0522698 -0.0596494 0.269975 -0.0114393 -0.0839182 -0.00737251 0.263588 0.121026 -1.1575 
1.575 -0.745 0.3446 1.5688 -0.746403 0.340099 0.0525026 -0.253875 0.0109586 0.134946 0.0183737 -0.220865 0.216803 -0.700647 
-1.565 -0.735 -0.4354 -1.55485 -0.738345 -0.43471 0.116049 0.317875 -0.00911932 0.0434867 -0.0254794 -0.334746 -0.0404869 -0.749319 
-1.585 -1.285 -0.9754 -1.57098 -1.28894 -0.969984 0.0841079 0.284808 -0.00964469 0.155445 -0.0542806 -0.247333 -0.191776 -0.789424 
-1.805 -1.545 -0.3554 -1.81569 -1.54251 -0.357588 0.0820606 0.302025 -0.077335 0.0221449 -0.0854136 -0.310077 -0.159349 -0.543049 
-1.745 -1.185 0.06463 -1.71654 -1.19489 0.0629096 0.0798994 0.249214 -0.0657943 -0.0717614 -0.0446515 -0.256275 -0.153073 -0.725034 
-1.615 -1.055 0.3246 -1.58555 -1.06674 0.312582 -0.103789 -0.29572 0.0410711 0.148755 -0.0135197 0.278565 -0.0502926 -0.992506 
-1.415 -0.485 -0.1354 -1.44947 -0.470874 -0.129481 -0.0994972 -0.262398 0.0274698 0.0467724 0.0113501 0.277831 0.081816 -0.902551 
-1.285 -0.895 0.6246 -1.2488 -0.916455 0.587904 -0.113918 -0.242675 0.0251239 0.169475 -0.0587665 0.200809 0.0951169 -0.751039 
-0.7853 -0.875 0.8046 -0.810741 -0.858686 0.861132 -0.141079 -0.227984 0.0156286 0.199066 -0.113588 0.139981 -0.125597 -0.398193 
-0.3553 -0.815 1.035 -0.342073 -0.826366 0.990334 0.0489126 0.181339 -0.0346891 -0.179332 0.0381307 -0.0535329 0.228525 -0.429682 
-0.1153 -0.865 1.085 -0.111783 -0.869916 1.06523 -0.0116672 -0.127042 0.0287832 0.130085 -0.00985919 0.00921369 0.197335 -0.916303 
0.07474 -0.845 1.035 0.0698569 -0.852804 1.00224 -0.00839789 0.0939869 -0.0287229 -0.0975327 -0.00442706 0.01403 0.901742 -0.0381358 
0.2447 -0.945 1.005 0.246391 -0.935073 1.03387 -0.128885 0.0142373 0.00957356 -0.00951125 -0.119675 0.0499295 0.480711 -0.401829 
0.4247 -0.835 0.9446 0.42464 -0.834546 0.945849 -0.0401124 -0.0870856 0.0292362 0.09186 -0.0382442 0.0121152 0.989825 0.596778 
0.5147 -0.895 1.035 0.513935 -0.898125 1.02485 -0.0579892 -0.132908 0.0481714 0.140946 -0.0583793 0.00859949 -0.060502 -0.396198 
0.8347 -0.765 0.9646 0.826159 -0.772114 0.93739 0.00720043 -0.144176 0.0355252 0.140637 -0.0047904 -0.0479464 0.457378 -1.12818 
0.8147 -1.045 1.075 0.811152 -1.04717 1.06409 -0.0309215 -0.139027 0.049395 0.14143 -0.0423044 -0.0305339 -0.379891 -1.20737 
-1.685 -1.805 -0.9654 -1.65886 -1.80883 -0.956469 -0.0677159 -0.293104 0.0449652 -0.124648 0.0699853 0.268481 -0.129458 -0.459417 
-1.535 -1.755 -1.195 -1.52908 -1.75633 -1.19101 0.0270016 0.207257 0.02049 0.141197 -0.00302899 -0.155431 -0.167602 -0.884493 
-1.365 -1.765 -1.355 -1.36837 -1.76366 -1.36134 0.00320177 0.244838 0.0486226 0.191124 0.0288741 -0.15798 -0.157361 -1.03435 
-0.9353 -1.425 -1.465 -0.936467 -1.4243 -1.46885 -0.0344526 -0.243521 -0.0426571 -0.237077 0.0203274 0.0754333 -0.0603059 -0.826767 
-0.9253 -1.905 -1.575 -0.923656 -1.90625 -1.56841 0.00645512 0.234758 0.0437177 0.232045 0.00415714 -0.0565859 -0.0248647 -0.818466 
-0.7153 -1.285 -1.455 -0.715762 -1.28453 -1.45738 -0.00192686 -0.169261 -0.0363234 -0.171701 -0.00276556 0.0219953 0.132143 -0.54813 
-0.4453 -1.245 -1.455 -0.445262 -1.2446 -1.4573 -0.0409631 -0.144952 -0.0300528 -0.14803 0.0403483 0.00716086 0.185791 -0.424645 
-0.5053 -1.505 -1.555 -0.503344 -1.50869 -1.53517 -0.0226448 -0.153403 -0.0273485 -0.15582 0.0224464 0.00311366 -0.194786 -0.556694 
-0.4853 -1.785 -1.585 -0.484307 -1.79127 -1.54444 -0.107999 -0.17725 -0.0231977 -0.178722 0.106493 0.0183606 0.0298837 -0.317713 
-0.2753 -1.455 -1.505 -0.276147 -1.45824 -1.48298 0.188892 0.0639867 0.0169468 0.0657706 -0.187211 -0.0262333 0.0516768 -0.119638 
0.07474 -1.315 -1.435 0.0753311 -1.31312 -1.4499 0.215271 0.0751734 0.01969 0.077 -0.214163 -0.0242015 0.0497674 -0.0966399 
-0.09526 -1.875 -1.535 -0.0953076 -1.87702 -1.52163 0.216454 -0.10546 -0.0146181 -0.106446 -0.215036 -0.0248365 0.192417 -0.125857 
0.3547 -1.455 -1.465 0.354681 -1.45751 -1.44646 0.228336 -0.0998149 -0.0122079 -0.100555 -0.226372 -0.0298953 0.234149 -0.00969769 
0.6547 -1.645 -1.505 0.653763 -1.64929 -1.47987 0.122963 -0.258333 -0.0460335 -0.262091 -0.11844 -0.0354233 0.174834 -0.11689 
1.035 -1.465 -1.485 1.02329 -1.47343 -1.43485 0.00168103 -0.215286 -0.0440756 -0.21008 0.0113583 -0.0634916 0.113387 -0.622695 
0.3647 -1.995 -1.555 0.36473 -1.99527 -1.55351 0.140925 -0.230422 -0.0381066 -0.233367 -0.140696 -0.012278 0.173677 -0.216184 
0.9447 -1.835 -1.585 0.938725 -1.84285 -1.54666 -0.0109996 -0.23922 -0.0492127 -0.23731 0.0221124 -0.0544455 -0.00895532 -0.687472 
0.7447 -2.445 -1.755 0.73938 -2.45353 -1.70353 -0.00678948 -0.286196 -0.0372055 -0.286574 0.0110926 -0.0330319 -0.0613659 -0.824691 
1.315 -1.605 -1.405 1.30077 -1.60781 -1.38133 -0.0130529 -0.219617 -0.0517812 -0.197424 0.0362307 -0.103897 -0.0503206 -0.983799 
1.205 -2.195 -1.545 1.19301 -2.19558 -1.52683 -0.0278426 -0.245484 -0.0507708 -0.226994 0.0463644 -0.0996951 -0.0416448 -0.845411 
1.575 -1.675 -1.195 1.55861 -1.67726 -1.18146 0.00138964 0.191963 0.0351497 0.138186 -0.0257887 0.135377 -0.122668 -0.701317 
1.525 -1.995 -1.275 1.49914 -1.99402 -1.25539 0.0110619 -0.244019 -0.0175082 -0.175735 0.00426745 -0.17051 -0.101938 -0.487714 
1.745 -1.775 -0.9454 1.7459 -1.77496 -0.945854 -0.0484182 0.233253 -0.0349572 0.119162 0.0549887 0.201867 -0.135772 -0.563209 
1.865 -2.425 -0.7554 1.8773 -2.4253 -0.761328 -0.0482043 0.399961 -0.0832244 0.178078 0.0959928 0.358179 -0.120969 -0.495719 
1.695 -1.415 -0.9354 1.7042 -1.41348 -0.938901 -0.0338274 0.213425 0.00038905 0.115117 0.0179141 0.181994 -0.0932317 -0.659275 
1.555 -1.315 -1.085 1.56395 -1.31311 -1.0928 0.00157846 0.155293 0.0383893 0.110928 -0.0287239 0.111633 0.0383464 -0.793989 
1.925 -1.275 -0.3654 1.92106 -1.27568 -0.364984 -0.0649427 0.29934 -0.0335912 0.0306752 0.0407567 0.303889 -0.0513086 -0.958766 
1.855 -1.595 -0.7154 1.85368 -1.59519 -0.714986 -0.0370994 0.203358 -0.0177201 0.0786334 0.0308578 0.189498 -0.0892509 -0.661344 
2.025 -1.805 -0.2454 2.00303 -1.8067 -0.240614 -0.0497664 0.299128 -0.0590337 0.00751708 0.0610005 0.302756 -0.0745322 -0.741162 
2.115 -2.345 -0.1254 2.07564 -2.34849 -0.120319 -0.0406005 0.345952 -0.100394 0.00162976 0.101205 0.348088 -0.0188963 -0.83798 
1.055 -2.775 -1.675 1.04939 -2.77484 -1.66679 -0.05997 -0.223408 -0.030937 -0.208482 0.067123 -0.0805896 -0.23036 -0.788063 
1.375 -2.425 -1.395 1.37107 -2.42473 -1.39212 -0.00525076 0.321037 -0.000380628 0.236046 0.0041187 0.217618 -0.1341 -0.371719 
1.275 -2.905 -1.495 1.27187 -2.90433 -1.4923 0.0603175 -0.334144 0.0841542 -0.2678 -0.0992195 -0.202016 -0.278894 -0.39966 
1.885 -3.195 -0.6254 1.88315 -3.19482 -0.624281 -0.0462791 0.400497 -0.155286 0.200433 0.158274 0.348467 -0.0843591 -0.393958 
2.175 -3.245 0.1046 2.1344 -3.24593 0.115477 -0.0275369 0.371018 -0.11621 0.00956275 0.117112 0.371633 -0.0432665 -0.656027 
2.105 -3.015 0.5546 2.09821 -3.01587 0.553326 0.0344976 -0.335512 0.135737 0.166835 -0.10626 -0.305053 0.0389135 -1.16266 
2.085 -2.385 0.3746 2.06491 -2.38936 0.368423 0.0262244 -0.246663 0.080098 0.0990862 -0.0648692 -0.232207 -0.0301849 -1.27746 
1.965 -1.735 0.2246 1.98264 -1.73143 0.2273 0.0508096 -0.284656 0.0553038 0.127595 -0.0284722 -0.263776 -0.104604 -1.16268 
1.895 -1.325 0.1646 1.89045 -1.32611 0.163604 0.0487672 -0.234315 0.0344366 0.0958844 -0.0126145 -0.221618 -0.0269046 -1.16847 
1.685 -1.205 0.4346 1.66786 -1.21142 0.421075 0.0550365 -0.219482 0.0208701 0.128133 0.0143374 -0.187119 0.00493001 -0.676304 
1.725 -1.745 0.5746 1.73884 -1.74096 0.585231 0.0447485 -0.232746 0.0362026 0.167414 0.00550511 -0.17154 -0.0207497 -1.0752 
1.825 -2.195 0.6646 1.8189 -2.19707 0.659239 0.0447426 -0.22995 0.0250987 0.165208 0.013874 -0.167399 -0.0284666 -1.12364 
1.975 -2.555 0.6446 1.96428 -2.55777 0.636143 0.0106251 -0.195093 0.0669087 0.120918 -0.0483831 -0.160278 0.074704 -1.37655 
1.035 -0.875 0.8746 1.02786 -0.877789 0.863778 -0.0123322 0.168007 -0.0366695 -0.149612 0.00764202 0.0853289 0.135144 -0.49142 
1.345 -1.055 0.6646 1.34979 -1.05357 0.670027 0.0913463 -0.24317 -0.0147794 0.177396 0.0772116 -0.173964 0.0363533 -0.349827 
1.525 -1.425 0.6646 1.51759 -1.42751 0.656125 0.0834246 -0.172475 -0.0201322 0.124039 0.0748205 -0.127 -0.033934 -0.499446 
1.285 -1.575 0.8346 1.28903 -1.57367 0.841195 -0.126184 0.125632 0.0562577 -0.0975645 -0.135463 0.0836768 0.110373 -0.357827 
1.065 -1.375 0.9946 1.06117 -1.37612 0.987989 0.03564 -0.197314 0.00805522 0.172945 0.0272349 -0.098063 -0.301616 -0.537671 
0.9447 -1.175 1.035 0.939548 -1.17676 1.02601 0.0196038 0.16193 -0.0426542 -0.153536 0.0345234 0.060498 -0.419133 -0.611698 
1.085 -1.885 0.9646 1.09677 -1.88299 0.990665 -0.0898212 0.193646 0.0206171 -0.174601 -0.0901349 0.0859174 0.0434316 -0.404252 
1.375 -1.815 0.8046 1.38953 -1.8103 0.827157 -0.0819436 0.187043 0.0204846 -0.15281 -0.0791894 0.111793 0.128171 -0.532655 
1.535 -2.225 0.8446 1.53189 -2.22618 0.839109 0.0636778 -0.171221 0.00414022 0.147562 0.0526046 -0.0940578 0.0663475 -0.663251 
1.625 -2.485 0.8646 1.62527 -2.48478 0.865264 0.0314998 -0.178499 0.0427894 0.157805 0.0041591 -0.0988195 0.168384 -0.849761 
1.665 -2.705 0.9046 1.69224 -2.69023 0.938636 0.00643905 -0.267578 0.105545 0.245221 -0.0500747 -0.14191 0.13474 -1.28739 
1.195 -2.735 1.005 1.20453 -2.72314 1.04415 0.0473573 -0.227709 0.0367723 0.222769 0.0354179 -0.0675718 0.557664 -0.544229 
1.255 -2.425 0.9746 1.25565 -2.42472 0.976581 -0.0875661 0.155188 0.000516916 -0.144171 -0.0815686 0.0656702 0.33073 -0.444817 
1.175 -2.085 0.9446 1.17631 -2.08478 0.947646 -0.0990803 0.158791 0.0250593 -0.142589 -0.100402 0.0724386 0.282692 -0.285207 
0.6447 -2.955 1.165 0.644487 -2.955 1.16378 -0.140326 0.141358 0.00705224 -0.141435 -0.140425 0.00043014 0.472335 -0.606791 
0.9147 -2.475 1.065 0.915444 -2.47476 1.06789 -0.114992 0.159373 0.01739 -0.151943 -0.115168 0.050742 0.407455 -0.271636 
0.8147 -2.305 1.095 0.817721 -2.30463 1.10529 -0.0566137 0.185188 0.00716789 -0.177452 -0.056329 0.0537508 0.14142 -0.361655 
0.7347 -1.975 1.135 0.736335 -1.97494 1.14091 0.0114075 0.207852 -0.0039007 -0.196942 0.0120559 0.0664556 -0.0862162 -0.50181 
0.7247 -1.415 1.165 0.719211 -1.41681 1.14501 0.0440779 0.209633 -0.0454499 -0.20427 0.0551827 0.0564216 -0.379839 -0.599187 
0.6047 -1.155 1.145 0.600051 -1.15896 1.12054 -0.104008 -0.0894797 0.0435099 0.0962716 -0.106401 0.0113143 -0.298961 -0.645512 
0.3047 -1.265 1.175 0.305364 -1.26361 1.18297 -0.19789 -0.0702236 0.034272 0.0760609 -0.194493 0.0406671 -0.329013 -0.58131 
0.3647 -1.695 1.225 0.365139 -1.69446 1.23416 -0.086041 -0.221825 0.0290117 0.221408 -0.0888864 -0.022992 -0.259066 -0.499256 
0.4447 -2.035 1.215 0.44411 -2.03538 1.20567 0.00859407 0.235672 -0.00397844 -0.231634 0.00918121 0.0435043 -0.0235876 -0.43894 
0.5547 -2.515 1.185 0.555139 -2.515 1.18703 -0.0405935 0.20923 0.0115278 -0.205003 -0.0420852 0.0419629 -0.120288 -0.362786 
0.3547 -3.015 1.225 0.350516 -3.0113 1.19347 -0.156162 0.0500507 0.0336787 -0.0581567 -0.149742 -0.0471263 -0.456382 -0.743591 
0.2147 -2.585 1.235 0.21477 -2.58488 1.23991 -0.00114993 0.233041 0.00824113 -0.232282 -0.00187024 0.0204746 -0.0955834 -0.452196 
0.07474 -2.975 1.245 0.0750536 -2.97097 1.2146 -0.170452 -0.00468678 -0.00190606 0.00504915 -0.161684 -0.0539632 -0.34654 -0.709227 
-0.1253 -2.595 1.235 -0.125559 -2.59503 1.23861 0.0294923 0.207218 0.0129663 -0.207339 0.0300799 -0.00911583 -0.16067 -0.320859 
-0.1653 -2.065 1.225 -0.166696 -2.06372 1.23999 0.12315 0.281461 -0.0102144 -0.281151 0.122191 -0.0226802 -0.060019 -0.382735 
-0.1453 -1.675 1.245 -0.145446 -1.67485 1.24625 -0.0809621 -0.236502 0.0192476 0.23642 -0.078667 0.0278532 -0.293045 -0.447602 
-0.1153 -1.255 1.215 -0.110404 -1.26084 1.18533 0.115528 0.185137 -0.0319819 -0.187014 0.109718 -0.0404089 -0.350195 -0.447628 
0.05474 -1.025 1.125 0.0547435 -1.02492 1.12526 -0.120671 0.0537874 -0.0130571 -0.0543547 -0.109247 0.0523047 -0.166848 -0.861096 
-0.4553 -1.205 1.135 -0.450616 -1.20861 1.12063 -0.153228 -0.1562 0.000754805 0.147664 -0.144506 0.0720495 -0.285027 -0.48675 
0.7547 -3.085 1.065 0.748672 -3.05088 1.15046 -0.0856129 0.171903 -0.0330829 -0.174608 -0.0864928 0.00242697 0.843253 -0.548118 
0.4547 -3.145 1.155 0.453538 -3.14572 1.1303 -0.108713 0.0942964 0.00136616 -0.0941384 -0.108632 0.0070093 1.11409 -0.204689 
0.5447 -3.275 1.065 0.524506 -3.24099 1.1486 0.119999 -0.122388 0.0403222 0.127454 0.120845 -0.0125075 0.771183 -0.231074 
0.2347 -3.475 0.8446 0.273528 -3.39069 1.17473 0.2616 -0.00167595 0.0130426 0.00499375 0.252994 -0.0676525 0.763619 0.0561041 
0.1847 -3.195 1.175 0.183888 -3.19455 1.16385 0.0275656 0.138577 0.00410967 -0.138132 0.0270956 0.0128676 0.169801 -0.113948 
-0.05526 -3.215 1.095 -0.0343172 -3.1958 1.17963 0.134078 0.152293 -0.0267604 -0.151702 0.136413 0.0162552 0.910961 -0.165599 
-0.01526 -3.105 1.215 -0.0147978 -3.10224 1.18692 0.0953309 0.0914514 -0.0114711 -0.0880155 0.0952259 0.0277172 1.13273 -0.690435 
-0.3653 -2.735 1.215 -0.3653 -2.735 1.21466 0.142203 0.154859 -0.0161672 -0.15562 0.142064 -0.00803425 0.767154 -0.473085 
-0.4753 -2.885 1.175 -0.452477 -2.86184 1.26331 0.076846 0.216419 -0.0518001 -0.220624 0.0812544 0.0121796 0.394022 -0.669506 
-0.8553 -2.645 1.155 -0.858305 -2.63759 1.18676 0.0853242 0.206922 -0.0416037 -0.209369 0.0773045 -0.044905 0.385579 -0.430643 
-0.6153 -2.445 1.165 -0.618578 -2.44336 1.19804 0.121766 0.199245 -0.00707225 -0.198027 0.119909 -0.0313481 0.114159 -0.358177 
-0.9053 -2.015 1.065 -0.909442 -2.01184 1.08506 0.121529 0.227733 -0.00851339 -0.215321 0.111585 -0.0888245 0.0990156 -0.407468 
-1.225 -2.525 1.125 -1.21885 -2.52921 1.10755 0.0672603 0.298374 -0.062975 -0.283045 0.0370849 -0.126598 0.150872 -0.621312 
-1.185 -1.975 0.9946 -1.17838 -1.9793 0.979338 0.0645866 0.193329 -0.0142076 -0.173678 0.0510582 -0.0947544 0.222154 -0.527694 
-1.555 -1.655 0.7046 -1.55044 -1.65725 0.699061 -0.0805311 -0.300009 0.0609308 0.212509 -0.00943308 0.234423 -0.097633 -0.867426 
-1.675 -2.345 0.8446 -1.66887 -2.34743 0.835543 -0.0256696 -0.244359 0.0617767 0.185533 0.0237117 0.170885 -0.0136308 -0.85651 
-1.925 -2.395 0.5746 -1.90804 -2.39943 0.562847 -0.0283681 -0.257021 0.0587198 0.106968 0.0427586 0.238835 -0.0989415 -1.0704 
-1.775 -1.645 0.4646 -1.77432 -1.64524 0.464217 -0.0623487 -0.259027 0.0515574 0.127201 0.0169747 0.239107 -0.146137 -1.24209 
-1.965 -2.255 0.3246 -1.94204 -2.25934 0.322813 0.0344942 0.234191 -0.0528428 -0.0713447 -0.0409743 -0.228164 -0.0588579 -0.775746 
-1.865 -1.665 0.2146 -1.83287 -1.67236 0.215631 0.0539616 0.242598 -0.065386 -0.0696777 -0.049805 -0.242292 -0.114695 -0.635858 
-1.435 -1.225 0.6646 -1.42396 -1.23116 0.653442 -0.0667843 -0.177868 0.0325239 0.132385 -0.0244825 0.137948 -0.167533 -0.899303 
-1.215 -1.345 0.8446 -1.20515 -1.35124 0.824192 0.12076 0.225134 -0.00829495 -0.185874 0.094248 -0.148004 -0.132201 -0.428963 
-1.065 -1.805 0.9946 -1.07503 -1.79992 1.01698 0.0974725 0.180443 0.00737507 -0.161714 0.0909406 -0.0877104 -0.0955502 -0.477127 
-0.6853 -1.545 1.115 -0.681804 -1.54747 1.10093 0.174495 0.239553 0.000889619 -0.2253 0.164484 -0.1001 -0.122375 -0.398885 
-1.995 -2.445 0.3646 -1.99397 -2.4451 0.364465 0.0276267 0.243017 -0.052964 -0.0728697 -0.043043 -0.235506 -0.186808 -0.872405 
-2.005 -3.065 0.6646 -1.97578 -3.06759 0.646249 0.0117337 -0.26564 0.0821016 0.0912878 0.0812999 0.25 -0.130957 -1.01988 
-1.695 -2.715 0.9346 -1.69828 -2.71372 0.939187 0.00923123 -0.270272 0.0887606 0.207381 0.0671835 0.183003 -0.075775 -0.897178 
-1.155 -3.055 1.365 -1.1464 -3.06013 1.34309 0.0346698 -0.275118 0.0976502 0.285075 0.0530969 0.0483813 -0.0121433 -0.981236 
-1.665 -3.335 1.125 -1.68901 -3.33239 1.14896 -0.0434881 0.310727 -0.113459 -0.237573 -0.108968 -0.207366 -0.110886 -1.09497 
-1.945 -3.735 0.7646 -1.93735 -3.7341 0.761558 0.0375469 -0.304876 0.0874134 0.108263 0.095057 0.285033 -0.0788622 -0.978665 
-0.7453 -3.015 1.365 -0.743799 -3.00766 1.38901 -0.0436049 0.297827 -0.102399 -0.313116 -0.0298889 0.0464033 -0.0557764 -1.13475 
-0.08526 -3.585 1.345 -0.0864548 -3.58665 1.33978 0.077652 0.295679 -0.114254 -0.306306 0.100269 0.0513091 -0.0485142 -0.122612 
0.2447 -4.055 1.125 0.263688 -3.981 1.3245 0.271783 0.0297235 0.033462 -0.0150426 0.254615 -0.10399 1.27221 0.0246683 
0.01474 -4.185 1.485 0.0157764 -4.18354 1.48898 0.202139 -0.173283 0.0294428 0.167655 0.176611 -0.1116 0.188833 -0.209241 
-0.4753 -3.895 1.655 -0.473714 -3.8912 1.66958 -0.0695541 0.35936 -0.0982017 -0.359681 -0.0387629 0.112905 -0.157792 -1.15617 
-1.105 -3.565 1.545 -1.10096 -3.56685 1.53482 -0.0584895 0.29594 -0.101027 -0.306047 -0.0752756 -0.0433204 -0.113131 -1.06803 
-1.595 -4.065 1.275 -1.63078 -4.06505 1.31139 0.0702875 -0.38009 0.106244 0.262328 0.12562 0.275862 -0.0866688 -1.09386 
-1.875 -4.215 0.8246 -1.87198 -4.21441 0.82324 -0.0471423 0.296447 -0.071512 -0.0811884 -0.0819507 -0.286199 -0.00633949 -0.954473 
0.5247 -3.645 1.325 0.526146 -3.64681 1.32063 0.215088 -0.0684161 0.0943195 0.0967021 0.215281 -0.0643643 0.26987 -0.242981 
0.5147 -4.155 1.545 0.513326 -4.15356 1.54813 0.216308 0.00979831 0.0880157 0.0210953 0.219912 -0.0763258 0.108751 -0.315074 
0.7647 -3.455 1.365 0.763376 -3.45241 1.36975 0.0209882 -0.209195 0.114245 0.218532 0.0626827 0.0746319 -0.0706862 -0.984094 
0.7947 -3.935 1.625 0.794711 -3.93501 1.62497 0.00927322 -0.217968 0.106387 0.224119 0.0484036 0.0796347 -0.206497 -0.929306 
1.225 -3.085 1.225 1.22663 -3.07936 1.23567 0.0353549 -0.257301 0.111242 0.278997 0.0214259 -0.0391133 0.141042 -0.886582 
1.675 -3.315 1.265 1.67147 -3.31955 1.25628 0.00209494 -0.269431 0.148522 0.275907 -0.064066 -0.120113 0.0152509 -1.12835 
1.175 -3.685 1.585 1.17641 -3.67837 1.59859 -0.00488364 -0.273373 0.141248 0.306955 0.00554159 0.0213382 -0.160152 -1.07395 
1.985 -3.495 1.095 1.99222 -3.49252 1.10037 0.029741 -0.313877 0.159468 0.241831 -0.0980944 -0.238178 0.0539234 -1.34374 
1.625 -3.965 1.665 1.62467 -3.96515 1.66455 0.0273025 -0.30219 0.145602 0.322865 -0.0159463 -0.0936379 -0.0502173 -1.22253 
2.225 -4.515 1.315 2.23899 -4.51437 1.32058 -0.0554276 0.420036 -0.169456 -0.239037 0.117881 0.370383 -0.0202677 -1.17512 
1.625 -4.315 1.835 1.62623 -4.31474 1.83653 0.0306194 -0.251055 0.0998347 0.264028 0.00649194 -0.0646525 -0.143776 -1.14496 
1.215 -4.395 1.905 1.2161 -4.39132 1.91408 -0.00665267 0.275473 -0.0883179 -0.289029 -0.0100402 -0.00954488 -0.231325 -1.09726 
0.7947 -4.275 1.755 0.793089 -4.27332 1.7592 -0.00457574 0.191103 -0.0759863 -0.189106 -0.0337815 -0.0735717 -0.139295 -0.902136 
0.8147 -4.665 1.895 0.815012 -4.66538 1.89398 -0.0362274 0.19069 -0.0767498 -0.186342 -0.0633649 -0.0694769 -0.0820563 -0.804006 
0.5247 -4.625 1.695 0.513355 -4.61533 1.71763 0.153132 0.153163 0.00304887 -0.13375 0.135772 -0.102931 0.25165 -0.367249 
0.2247 -4.545 1.385 0.219097 -4.48283 1.49503 0.217146 0.000548544 0.00455092 0.000871776 0.206756 -0.066518 1.89617 -0.297296 
0.09474 -4.605 1.575 0.101916 -4.59344 1.60934 -0.154993 0.100629 -0.0548667 -0.114613 -0.136604 0.073231 0.914562 -0.273877 
-0.3153 -4.685 1.815 -0.313971 -4.68183 1.83393 -0.0494762 0.32355 -0.048252 -0.308268 -0.0297832 0.116381 -0.157345 -1.15167 
-0.9653 -4.795 1.815 -0.967589 -4.79408 1.82163 0.0834409 -0.412737 0.0749821 0.398778 0.10177 0.116426 -0.10015 -1.12068 
-1.055 -3.935 1.645 -1.05394 -3.93537 1.64232 -0.0540111 0.298608 -0.0827584 -0.301434 -0.0700953 -0.0561908 -0.0875988 -1.07803 
-1.445 -4.915 1.485 -1.46602 -4.91745 1.50705 -0.0679335 0.327377 -0.0594709 -0.224911 -0.0899112 -0.238031 -0.098931 -1.08953 
-1.735 -5.025 1.025 -1.73926 -5.02558 1.0268 -0.0675435 0.394309 -0.0912952 -0.112923 -0.107241 -0.379638 -0.0245608 -0.954498 
-1.885 -4.335 0.2546 -1.91979 -4.34341 0.253899 -0.0599065 0.364682 -0.0906821 0.0634827 -0.0806863 -0.366421 -0.0288988 -0.920631 
-1.745 -5.165 0.3846 -1.76608 -5.17142 0.385146 -0.0575289 0.323469 -0.0694422 0.0777096 -0.0553006 -0.321973 -0.0300931 -0.911461 
-1.585 -5.205 -0.09537 -1.56053 -5.19597 -0.085926 0.0512079 -0.329148 0.0868894 -0.210422 0.0384667 0.269728 0.0180958 -0.87352 
-1.705 -4.445 -0.2454 -1.68659 -4.4385 -0.238099 0.0441319 -0.305739 0.125173 -0.178997 0.0840146 0.268317 0.0617633 -0.731759 
-1.975 -3.815 0.1946 -2.01505 -3.82231 0.191159 -0.0337438 0.303528 -0.0832938 0.0256048 -0.0808463 -0.304982 -0.109867 -0.864795 
-2.065 -3.355 0.3746 -2.06134 -3.35462 0.374458 -0.0150664 0.223971 -0.0587031 -0.0311822 -0.0602541 -0.221885 -0.222805 -0.847749 
-2.045 -3.065 0.5546 -2.01659 -3.06427 0.551125 -0.00518371 0.225589 -0.0651399 -0.0793361 -0.0630067 -0.211888 -0.212261 -0.862146 
-2.055 -3.065 0.02463 -2.04759 -3.06473 0.0259784 -0.00677718 -0.297945 0.112772 -0.0262985 0.112936 0.296797 -0.200976 -0.562751 
-1.835 -3.905 -0.3354 -1.80722 -3.89742 -0.326438 -0.0134478 0.199664 -0.102973 0.0981555 -0.0875684 -0.182612 0.0622365 -0.513521 
-1.905 -3.505 -0.4054 -1.90964 -3.50579 -0.40667 -0.00318694 -0.223406 0.131692 -0.0975336 0.123065 0.206411 -0.228515 -0.510975 
-1.945 -3.065 -0.4954 -1.92869 -3.06463 -0.491195 0.0206732 0.200275 -0.101322 0.0746464 -0.102093 -0.18657 -0.204123 -0.508773 
-1.885 -2.575 -0.6254 -1.87842 -2.57543 -0.623682 0.0383641 0.278927 -0.0838653 0.0919012 -0.0918608 -0.263479 -0.150769 -0.445246 
-1.975 -2.465 -0.1654 -1.99273 -2.46339 -0.167857 0.0340781 0.248483 -0.0817259 0.0254369 -0.0851739 -0.24836 -0.165728 -0.532816 
-1.885 -2.025 -0.2554 -1.91213 -2.02074 -0.260625 0.0555697 0.28617 -0.0739049 0.0257566 -0.0796025 -0.288866 -0.107252 -0.502812 
-1.235 -5.265 -0.4154 -1.23559 -5.26531 -0.416002 -0.0363852 0.332881 -0.0744765 0.296509 -0.00616384 -0.172409 0.0957962 -1.00362 
-1.385 -4.525 -0.5554 -1.36059 -4.51143 -0.532479 -0.00177421 -0.23116 0.110391 -0.209039 0.0651151 0.132992 0.409632 -0.771669 
-1.685 -3.985 -0.5454 -1.65738 -3.97532 -0.529833 -0.00954921 -0.206154 0.143191 -0.143503 0.12205 0.166147 0.126991 -0.465955 
-1.745 -3.545 -0.7354 -1.75646 -3.54802 -0.741541 -0.0509427 -0.161917 0.177892 -0.112431 0.17678 0.128708 -0.206941 -0.533769 
-1.855 -3.065 -0.7154 -1.85083 -3.06444 -0.713539 -0.0683382 -0.101026 0.17131 -0.0479834 0.184165 0.0894656 -0.294761 -0.414617 
-1.775 -2.715 -0.8454 -1.78095 -2.71493 -0.847937 0.0287577 0.176798 -0.0601556 0.0717965 -0.0666536 -0.161573 -0.148225 -0.33175 
-1.655 -2.485 -1.035 -1.67366 -2.48409 -1.04382 0.0270275 0.230925 -0.0306986 0.11063 -0.0399206 -0.202896 -0.123703 -0.368894 
-0.7753 -5.305 -0.5754 -0.775611 -5.30541 -0.5764 0.0308964 -0.277219 0.0397214 -0.279705 -0.0285635 0.0182155 0.190742 -1.07657 
-1.095 -4.595 -0.6854 -1.08479 -4.58223 -0.660001 0.030341 -0.232464 0.0922932 -0.239195 0.000203329 0.0791464 0.604661 -1.14528 
-1.205 -4.185 -0.8054 -1.20849 -4.19016 -0.812961 0.00481845 -0.158661 0.123422 -0.184088 0.0461013 0.066451 0.649762 -0.823257 
-1.455 -4.105 -0.7054 -1.45788 -4.1071 -0.708253 -0.0186014 -0.164363 0.121116 -0.161749 0.0860763 0.09197 0.411755 -0.788428 
-1.435 -3.675 -1.175 -1.41855 -3.66565 -1.16021 0.043864 0.176162 -0.161844 0.181697 -0.131563 -0.093957 -0.12457 -0.821629 
-1.615 -3.475 -1.065 -1.61025 -3.47376 -1.06207 -0.0732633 -0.0993754 0.164356 -0.100653 0.169683 0.0577294 -0.30483 -0.690348 
-1.635 -2.965 -1.095 -1.63807 -2.96521 -1.09674 -0.0977811 0.164845 0.140943 0.07638 0.170873 -0.146862 -0.130152 -0.268614 
-1.425 -2.625 -1.415 -1.43076 -2.6249 -1.42004 -0.0174062 0.192293 0.0289495 0.143695 0.0323021 -0.128164 -0.173369 -0.770743 
-1.555 -2.165 -1.215 -1.56336 -2.16359 -1.22104 -0.00476243 0.215716 0.0413175 0.141016 0.0346874 -0.164847 -0.105993 -0.85286 
-1.315 -2.315 -1.505 -1.3092 -2.31666 -1.49468 -0.0153343 0.204712 0.0417735 0.166999 0.0371797 -0.120898 -0.0621611 -1.09206 
-0.9153 -2.335 -1.665 -0.919208 -2.33259 -1.68031 -0.00331548 -0.218837 -0.0313329 -0.218023 -0.00194773 0.0366734 -0.159643 -1.20374 
-1.305 -2.505 -1.545 -1.30489 -2.50503 -1.5448 -0.0127776 0.17935 0.0298053 0.145642 0.0279819 -0.10594 -0.222763 -1.22042 
-1.435 -2.945 -1.445 -1.43022 -2.94466 -1.44113 0.00567501 0.148394 -0.0136532 0.10657 -0.0135916 -0.103428 -0.298924 -0.766811 
-1.285 -2.905 -1.595 -1.28816 -2.9052 -1.60047 0.00746447 -0.181015 0.00596301 -0.147651 -0.00262576 0.10512 -0.516483 -1.21551 
-0.9053 -2.845 -1.765 -0.90517 -2.84501 -1.76436 -0.0060533 0.20305 -0.0019264 0.201051 0.00572281 -0.0285541 -0.522214 -1.4013 
-1.495 -3.195 -1.355 -1.49673 -3.1952 -1.35627 -0.0151157 -0.150826 0.0501106 -0.107482 0.0467816 0.108385 -0.594166 -0.752486 
-1.365 -3.385 -1.455 -1.35603 -3.3807 -1.44732 0.0579445 0.110284 -0.0927827 0.107632 -0.099618 -0.0511911 -0.470697 -1.19213 
-1.315 -3.165 -1.565 -1.31151 -3.16363 -1.55909 -0.0183726 -0.147882 0.0430416 -0.120868 0.0407099 0.0882778 -0.597471 -1.2382 
-1.315 -3.965 -1.025 -1.31149 -3.96093 -1.02016 -0.0200472 -0.131262 0.125242 -0.157162 0.0755144 0.0539875 -0.0148305 -1.01327 
-0.04526 -4.645 -0.3454 -0.0617868 -4.63604 -0.321278 0.0150275 -0.24855 0.0533894 -0.215641 -0.0407874 -0.129186 0.739353 -0.113598 
-0.1053 -5.275 -0.4154 -0.103417 -5.27545 -0.418217 -0.0848113 0.263972 -0.0408031 0.228855 0.0938886 0.131718 0.182172 -0.949123 
0.1847 -4.975 -0.09537 0.227074 -4.97822 -0.191441 -0.190209 0.0127151 -0.000314779 0.0126977 0.190105 0.00632954 1.23584 0.446571 
-0.3753 -4.675 -0.6054 -0.398722 -4.65554 -0.557643 -0.0368327 0.266096 -0.0755862 0.251801 0.0638222 0.101981 0.829558 -1.11533 
-0.4653 -5.335 -0.5654 -0.465306 -5.33499 -0.56538 0.063201 -0.254137 0.0347374 -0.253186 -0.067542 -0.033488 0.174542 -1.23338 
-0.7153 -4.655 -0.7154 -0.715518 -4.65457 -0.713494 -0.0448266 0.234029 -0.0574565 0.239863 0.0489499 0.0122435 0.159259 -1.25683 
0.1647 -4.595 -0.07537 0.184801 -4.62843 -0.149425 0.196273 0.0899351 -0.100844 0.110965 -0.208758 0.0297976 3.1092 0.942922 
-0.2553 -4.065 -0.6054 -0.197183 -4.1268 -0.706557 0.0787658 0.207827 -0.148421 0.233796 0.00381919 0.129422 0.807095 -0.209756 
0.05474 -4.085 -0.2754 0.064794 -4.1756 -0.364887 0.197253 0.0492216 -0.108246 0.110058 -0.154956 0.130093 4.37812 0.804285 
-0.5253 -4.145 -0.7854 -0.498098 -4.17702 -0.840572 -0.0108785 -0.160422 0.143222 -0.199736 -0.0456149 -0.0662642 0.895178 -1.04902 
-0.8353 -4.395 -0.8054 -0.835948 -4.38479 -0.783489 -0.0127162 0.157711 -0.103489 0.188604 0.00878045 -0.00979381 0.822468 -1.19961 
-0.8253 -4.175 -0.8254 -0.826004 -4.20329 -0.860041 0.000124297 -0.103965 0.0918755 -0.138449 -0.00608202 -0.00669505 1.9525 -1.29599 
-0.07526 -3.895 -0.6754 -0.061269 -3.95898 -0.728064 -0.148643 -0.00695978 0.0837792 -0.0754126 0.0862496 -0.126634 3.1327 0.318405 
-0.09526 -3.795 -1.005 -0.0820297 -3.8311 -1.03641 0.176335 0.0173332 -0.0433754 0.0452487 -0.105432 0.141819 2.10514 -0.00902057 
-0.3453 -3.895 -1.145 -0.354706 -3.87314 -1.12607 0.056173 0.100166 -0.136819 0.162354 0.00981595 0.0738431 0.68451 -0.436107 
-0.4953 -3.945 -1.265 -0.508695 -3.88489 -1.21249 -0.0161467 -0.0964499 0.150188 -0.169855 -0.0380362 -0.0426877 0.653446 -1.11154 
-0.8553 -4.105 -1.015 -0.855298 -4.09953 -1.01016 -0.0104406 -0.124197 0.127619 -0.177995 0.0111629 -0.00369834 0.800045 -1.18615 
-1.005 -3.965 -1.225 -1.00288 -3.95086 -1.20991 -0.0523071 -0.136597 0.139421 -0.190561 0.0669706 -0.00587945 -0.12629 -1.12234 
-1.145 -3.985 -1.115 -1.14063 -3.97457 -1.10329 -0.0328314 -0.102628 0.104625 -0.137713 0.0582846 0.0139577 -0.021729 -0.648944 
-0.3153 -3.755 -1.335 -0.314301 -3.75884 -1.33813 0.131935 0.00698376 0.0317026 -0.0165064 -0.0998228 0.0906838 0.323095 -1.11208 
-0.1153 -3.585 -1.285 -0.12533 -3.64231 -1.35691 -0.172178 0.00750598 0.0122887 -0.00172325 0.135649 -0.106999 2.19598 -1.20534 
-0.3053 -3.645 -1.435 -0.30658 -3.64244 -1.4296 0.154192 -0.0245163 0.0479556 -0.0454312 -0.137312 0.0758776 0.0819033 -0.941112 
-0.1153 -3.295 -1.415 -0.107894 -3.31628 -1.49706 -0.181916 0.013003 0.0295653 0.00292995 0.175073 -0.0589704 2.0152 -0.765835 
-0.3153 -3.365 -1.595 -0.328218 -3.35954 -1.5581 0.129133 -0.0710173 0.0601552 -0.0803408 -0.136995 0.010733 0.0546481 -0.693905 
-0.3153 -2.855 -1.625 -0.32036 -2.85448 -1.607 0.222893 0.0144121 0.0586779 0.0116683 -0.230317 0.012246 0.0371408 -0.286046 
-0.09526 -2.915 -1.425 -0.0873058 -2.91771 -1.53122 -0.170877 0.0144059 0.0322505 0.0129635 0.173777 -0.00893777 2.07457 -0.31081 
-0.1253 -2.535 -1.415 -0.115948 -2.5302 -1.50682 0.206082 -0.0193829 -0.00972143 -0.0200571 -0.205696 -0.0150636 1.61097 -0.023947 
-0.7253 -3.065 -1.755 -0.723933 -3.06607 -1.76971 0.00531009 -0.164206 0.0196912 -0.165241 -0.00608314 -0.00616746 -0.639552 -1.41739 
-0.6453 -2.835 -1.785 -0.650514 -2.83716 -1.74001 0.0162263 0.216442 0.0115567 0.214042 -0.0178269 0.0333473 -0.194363 -1.31508 
-0.4653 -3.355 -1.655 -0.465417 -3.35484 -1.6543 0.017509 -0.180836 0.0702747 -0.180332 -0.0411948 -0.0610758 -0.707598 -1.35847 
-0.6853 -3.705 -1.555 -0.685259 -3.69697 -1.5434 -0.00928434 -0.156071 0.0999085 -0.184155 -0.00338032 -0.0223937 -0.86432 -1.29954 
-0.5953 -3.865 -1.395 -0.598098 -3.85518 -1.38656 -0.0337527 -0.112594 0.101596 -0.148503 0.00343057 -0.0455344 -0.812674 -1.25807 
-1.035 -3.715 -1.465 -1.03123 -3.70998 -1.45784 -0.068554 -0.158534 0.133548 -0.199887 0.087809 0.00163011 -0.620872 -1.10027 
-1.255 -3.505 -1.505 -1.23907 -3.4914 -1.48161 -0.0481623 -0.138124 0.0932588 -0.144207 0.0832017 0.0487553 -0.576474 -1.06979 
-0.9053 -3.225 -1.715 -0.910727 -3.23053 -1.73329 -0.00169252 -0.206783 0.0461193 -0.209963 0.00780168 0.0272747 -0.762399 -1.31903 
-0.7953 -3.485 -1.655 -0.796196 -3.48719 -1.65971 0.0187363 -0.148411 0.0607105 -0.160338 -0.0166334 0.00882143 -0.841152 -1.20603 
-0.6053 -2.305 -1.665 -0.605211 -2.30461 -1.66768 -0.0195827 -0.151768 -0.0244827 -0.150957 0.0236513 -0.0258709 -0.0154128 -1.22742 
-0.4053 -2.305 -1.605 -0.406193 -2.3053 -1.60095 -0.131571 -0.151395 -0.0372072 -0.150621 0.136005 -0.0207771 0.163427 -0.388921 
-0.3153 -2.045 -1.545 -0.314366 -2.04426 -1.55586 0.134327 0.0882956 0.0287991 0.0899107 -0.13632 -0.00142111 0.257491 -0.251075 
-0.6053 -2.135 -1.625 -0.605538 -2.13401 -1.63197 -0.0343361 -0.152454 -0.0221623 -0.15319 0.0361929 -0.0116324 0.0981253 -0.978997 
-0.1253 -2.135 -1.485 -0.12526 -2.13383 -1.50461 0.136594 -0.0494925 0.00786288 -0.0489291 -0.136648 -0.0101266 0.96244 -0.0996566 
0.09474 -2.295 -1.505 0.091263 -2.29124 -1.53823 0.17918 -0.0994875 -0.0326473 -0.101864 -0.180602 -0.00870735 0.636124 -0.15646 
0.2747 -2.675 -1.735 0.282481 -2.68293 -1.68728 0.0543016 -0.233288 -0.0435234 -0.22242 -0.0655986 0.0741119 0.0103858 -0.832697 
0.4447 -3.075 -1.835 0.446474 -3.07619 -1.82215 -0.020903 -0.200922 0.0218847 -0.197806 0.0248542 0.039252 -0.454013 -1.57517 
0.2447 -3.165 -1.755 0.249477 -3.16562 -1.7453 -0.018935 0.160867 -0.00779339 0.145045 0.0136218 -0.0712312 -0.478088 -1.22641 
0.7847 -2.945 -1.815 0.784955 -2.94497 -1.81623 -0.0243289 -0.202593 0.00231498 -0.199317 0.023514 -0.0368897 -0.422481 -1.37619 
0.07474 -2.815 -1.615 0.0798121 -2.81519 -1.59775 -0.156579 0.0929093 0.0651045 0.0880848 0.169491 -0.0300289 0.754827 -0.530587 
0.04474 -3.245 -1.615 0.0525933 -3.24201 -1.59901 0.156977 -0.000499441 -0.0685657 0.0109349 -0.16892 0.0262653 0.614927 -0.678959 
0.06474 -3.675 -1.465 0.0631265 -3.67734 -1.46842 -0.175694 0.0505897 0.0564219 0.00722161 0.152989 -0.114688 -0.244767 -0.947021 
0.1547 -4.025 -1.205 0.167373 -4.00334 -1.19161 0.139472 -0.100199 0.0247289 -0.0670111 -0.0563033 0.149811 -0.474276 -1.01069 
0.06474 -3.955 -1.125 0.0704472 -3.9465 -1.12169 0.129264 -0.0542855 -0.0377808 0.00351456 -0.0771894 0.122935 0.688161 -0.882004 
0.1247 -4.065 -0.8254 0.140306 -4.04239 -0.815147 0.162912 -0.0932188 -0.0191348 -0.0169464 -0.065749 0.176028 0.716013 0.198651 
0.2547 -4.185 -0.4354 0.201781 -4.24704 -0.485156 0.0950313 0.058964 -0.165203 0.141096 -0.137324 0.0321506 1.0638 0.492159 
0.3647 -4.655 -0.3254 0.375046 -4.64288 -0.310274 0.0152803 -0.160771 0.0795084 -0.15221 0.0305858 0.0910988 0.871713 -0.13749 
0.4047 -4.305 -0.5854 0.378451 -4.34035 -0.615148 0.0404456 -0.124239 0.125054 -0.135146 0.0605228 0.103838 0.813845 -0.980259 
0.2647 -4.185 -0.8854 0.271248 -4.17477 -0.880372 -0.04949 0.0983829 -0.11871 0.120597 -0.0529771 -0.0941823 0.117557 -1.12958 
0.4947 -4.235 -1.015 0.489447 -4.24942 -1.02597 -0.0543315 0.104756 -0.128699 0.15236 -0.0221688 -0.0823649 0.047061 -1.39043 
0.3347 -4.025 -1.345 0.334183 -4.0266 -1.34677 -0.0663092 0.142252 -0.136565 0.176331 -0.0217268 -0.108249 -0.8175 -1.41766 
0.3747 -4.125 -1.215 0.374144 -4.12669 -1.21625 -0.0597164 0.0870672 -0.099868 0.120165 -0.0105516 -0.0810521 -0.674709 -1.41138 
0.2247 -3.385 -1.705 0.221662 -3.38665 -1.71248 -0.00856891 -0.152215 0.0495335 -0.142437 0.0298843 0.067193 -0.78378 -1.45 
0.2447 -3.695 -1.585 0.244682 -3.69505 -1.58509 0.0237254 -0.172777 0.0920705 -0.173021 0.0248936 0.0913002 -0.811164 -1.28278 
0.5147 -3.355 -1.805 0.514317 -3.35399 -1.80052 0.017228 -0.175681 0.0427283 -0.179102 -0.0107099 0.028179 -0.713666 -1.33997 
0.6247 -3.535 -1.755 0.623426 -3.53261 -1.74796 0.0323067 -0.143943 0.0571937 -0.154888 -0.0297284 0.0126709 -0.703554 -1.27681 
0.8847 -3.255 -1.755 0.877484 -3.25178 -1.74361 0.0680944 -0.214404 0.0683899 -0.217018 -0.081475 -0.0393457 -0.553845 -0.806661 
1.175 -3.675 -1.465 1.17245 -3.67365 -1.46152 0.0797244 -0.202941 0.158737 -0.225349 -0.135475 -0.0600213 -0.527474 -0.862411 
0.7047 -3.715 -1.655 0.704684 -3.71497 -1.65494 0.0597825 -0.178107 0.106129 -0.206919 -0.0582026 0.0188812 -0.697662 -1.26204 
0.8047 -3.955 -1.475 0.8053 -3.95679 -1.47749 0.0683962 -0.127291 0.126806 -0.177422 -0.0692628 0.0261696 -0.726886 -1.32124 
0.8647 -4.185 -1.195 0.865516 -4.17501 -1.18629 -0.0674874 0.123238 -0.141754 0.18621 0.0636613 -0.0333066 -0.0188498 -1.29 
0.5947 -4.395 -0.7054 0.582966 -4.43765 -0.74809 -0.0469243 0.147604 -0.140507 0.18396 -0.0313551 -0.0943751 0.647969 -1.23786 
0.9247 -4.335 -0.9554 0.924569 -4.33668 -0.956665 0.0462914 -0.0852499 0.0925467 -0.125705 -0.0356695 0.0300201 0.580528 -1.27505 
1.045 -4.215 -1.075 1.04415 -4.21313 -1.07293 -0.052274 0.07413 -0.0951789 0.116689 0.0574004 -0.0193816 0.36817 -1.34519 
1.015 -4.035 -1.305 1.01487 -4.03473 -1.30463 0.070478 -0.0810758 0.112437 -0.129403 -0.0837049 0.0207551 -0.400458 -1.24954 
1.235 -4.085 -1.085 1.23989 -4.08772 -1.0901 0.0820139 -0.0842249 0.124811 -0.128857 -0.112785 0.00856319 -0.176822 -0.78798 
1.455 -3.725 -1.115 1.45904 -3.72619 -1.11824 0.106426 -0.192146 0.206265 -0.200592 -0.206526 -0.0888904 -0.272247 -0.531219 
0.2647 -4.885 -0.01537 0.207501 -4.93936 -0.199166 -0.102874 -0.143729 -0.0152488 -0.144536 0.102336 0.0105155 1.30941 0.373207 
0.4047 -4.815 -0.2754 0.396739 -4.82119 -0.286597 -0.0142271 -0.149386 0.0655017 -0.119281 0.054376 0.0981041 0.433805 -0.923855 
0.6647 -5.215 -0.3454 0.66122 -5.22188 -0.356315 0.0180872 0.278529 -0.0629274 0.258723 -0.042667 -0.114488 0.474128 -1.06176 
0.6147 -4.705 -0.5354 0.622724 -4.68696 -0.515426 -0.0168555 0.176838 -0.109379 0.182869 -0.0396231 -0.0922411 0.799674 -1.15314 
0.9447 -4.435 -0.8354 0.947284 -4.4514 -0.86322 0.0359767 -0.128016 0.1049 -0.1655 -0.0269579 0.0238618 0.454499 -1.35424 
1.065 -4.705 -0.6554 1.06516 -4.70726 -0.658284 0.0483043 -0.252568 0.159065 -0.298446 -0.0433986 0.0217217 0.56295 -1.27084 
1.145 -5.325 -0.4254 1.14533 -5.33658 -0.444127 0.0361411 -0.283422 0.0906649 -0.296962 -0.0285163 0.0292329 0.201896 -1.34415 
1.755 -5.325 -0.2554 1.75609 -5.32541 -0.25692 -0.0663516 0.344235 -0.113213 0.319296 0.109964 0.147225 0.17109 -1.10964 
1.695 -4.585 -0.5154 1.70213 -4.58899 -0.524608 -0.0393651 0.240023 -0.109163 0.219893 0.090793 0.120337 0.0223422 -1.11941 
1.305 -4.405 -0.7954 1.31156 -4.41519 -0.813932 0.0300622 -0.151 0.0917522 -0.167649 -0.0537676 -0.0335581 0.230491 -1.24513 
1.305 -4.195 -0.9554 1.3128 -4.20068 -0.96521 0.0719998 -0.121016 0.132353 -0.16403 -0.102095 -0.00411806 -0.0729779 -1.03899 
1.525 -4.355 -0.7054 1.5097 -4.35006 -0.690185 0.0694569 -0.155051 0.125289 -0.168314 -0.116704 -0.0511183 0.375357 -0.795432 
1.895 -4.125 -0.3954 1.90502 -4.1261 -0.401635 0.0295463 -0.228472 0.113204 -0.152814 -0.107094 -0.176256 0.0949602 -0.736366 
1.715 -3.765 -0.7354 1.74877 -3.77354 -0.76158 0.0639558 -0.199347 0.156464 -0.158686 -0.15732 -0.135573 -0.111752 -0.645781 
1.875 -3.775 -0.4954 1.90223 -3.77713 -0.509712 0.0374517 -0.219737 0.117482 -0.130821 -0.118451 -0.179845 -0.0702427 -0.578167 
2.175 -3.675 0.2046 2.17621 -3.67497 0.204246 -0.0385547 0.335582 -0.136948 0.0247628 0.139838 0.335692 0.0124752 -0.722943 
1.955 -4.435 -0.2754 1.96375 -4.43653 -0.279577 -0.0421696 0.351994 -0.140085 0.253767 0.130901 0.252526 -0.000218353 -0.857662 
2.005 -5.225 -0.04537 2.01784 -5.22836 -0.0525283 0.0358762 -0.320544 0.122379 -0.249911 -0.108721 -0.211509 -0.0626808 -0.941135 
2.335 -4.885 0.7246 2.36257 -4.88741 0.725669 -0.0492878 0.43346 -0.146437 0.0193016 0.149123 0.434914 0.00253726 -0.989737 
2.225 -4.055 0.3646 2.25877 -4.05589 0.365324 -0.0449922 0.377794 -0.138737 0.0412263 0.143194 0.376558 0.0449462 -0.997134 
2.145 -3.695 0.8646 2.15089 -3.69435 0.86628 0.0315812 -0.302535 0.132149 0.133453 -0.109724 -0.283089 0.0510862 -1.02075 
