-0.9375 1 2.75781 -0.937499 0.999999 2.75781 0.0587557 0.107472 -0.00282091 -0.0232427 0.0158369 0.119245 0.766591 0.0454836 
-0.875 1 2.53125 -0.875011 1.00001 2.53125 0.0586656 0.101029 0.00284969 -0.0255553 0.0116398 0.113438 1.12269 0.0593539 
-0.8125 1 2.32031 -0.812513 1.00001 2.32031 0.0588945 0.094319 0.00284837 -0.0251988 0.0124846 0.107619 1.16562 0.0695754 
-0.75 1 2.125 -0.750014 1.00001 2.125 0.0591059 0.0875077 0.00279808 -0.0247163 0.0134385 0.101821 1.20925 0.0818832 
-0.6875 1 1.94531 -0.687515 1.00001 1.94531 0.0592909 0.0805792 0.00267798 -0.0240663 0.0145161 0.0960504 1.25311 0.0966556 
-0.625 1 1.78125 -0.625016 1.00001 1.78124 0.0594373 0.0735144 0.00246127 -0.0231947 0.0157293 0.0903206 1.29672 0.114243 
-0.5625 1 1.63281 -0.562516 1.00001 1.63281 0.0595274 0.066291 0.00211619 -0.0220325 0.0170824 0.0846478 1.33972 0.134856 
-0.5 1 1.5 -0.500016 1.00002 1.49999 -0.059534 -0.0588852 -0.00161115 0.0204987 -0.0185616 -0.0790546 1.3822 0.158354 
-0.4375 1 1.38281 -0.437516 1.00002 1.3828 -0.0594138 -0.0512771 -0.000928343 0.0185121 -0.0201177 -0.0735716 1.42508 0.183925 
-0.375 1 1.28125 -0.375014 1.00002 1.28124 -0.0590979 -0.0434673 -9.04904e-05 0.0160236 -0.0216435 -0.0682406 1.47043 0.209685 
-0.3125 1 1.19531 -0.312512 1.00002 1.1953 -0.0584904 -0.0355084 0.00080288 0.013073 -0.0229615 -0.0631228 1.52144 0.232484 
-0.25 1 1.125 -0.250009 1.00002 1.12499 -0.0574918 -0.027544 0.00155746 0.00984852 -0.0238538 -0.058313 1.58093 0.248404 
-0.1875 1 1.07031 -0.187505 1.00002 1.0703 -0.0560644 -0.0198129 0.00193457 0.00667727 -0.0241628 -0.0539544 1.64831 0.254327 
-0.125 1 1.03125 -0.125003 1.00001 1.03124 0.054303 0.0125722 -0.00177453 -0.00389351 0.0239073 0.0502325 1.7162 0.249866 
-0.0625 1 1.00781 -0.0625009 1.00001 1.00781 0.0524382 0.00597082 -0.00109275 -0.00166598 0.0232954 0.0473409 1.7701 0.237933 
0 1 1 3.26902e-07 1.00001 0.999995 0.050741 -2.3883e-05 -5.52713e-05 6.01236e-05 0.0226008 0.0454297 1.79343 0.223174 
0.0625 1 1.00781 0.0625016 1.00001 1.00781 0.0493876 -0.00559027 0.00111834 0.00148244 0.0220097 0.0445535 1.77569 0.209534 
0.125 1 1.03125 0.125004 1.00001 1.03124 0.0483917 -0.0109463 0.00222433 0.00282254 0.0215521 0.044655 1.71791 0.198685 
0.1875 1 1.07031 0.187506 1.00001 1.0703 0.0476551 -0.0162573 0.00309949 0.0042445 0.0211372 0.0456083 1.6316 0.189991 
0.25 1 1.125 0.250009 1.00002 1.12499 -0.0470656 0.0216083 -0.00363805 -0.00582015 -0.0206375 -0.0472815 1.53257 0.181567 
0.3125 1 1.19531 0.312512 1.00002 1.1953 0.0465575 -0.0270233 0.00381016 0.00752949 0.0199615 0.0495704 1.43447 0.17162 
0.375 1 1.28125 0.375014 1.00002 1.28124 0.0461187 -0.0324996 0.00366274 0.0092903 0.0190891 0.0524011 1.34556 0.159331 
0.4375 1 1.38281 0.437515 1.00002 1.3828 0.0457697 -0.0380345 0.00329224 0.011004 0.0180652 0.0557215 1.26873 0.144988 
0.5 1 1.5 0.500016 1.00001 1.49999 -0.045534 0.0436351 -0.00280436 -0.0125935 -0.0169648 -0.0594881 1.2034 0.129548 
0.5625 1 1.63281 0.562516 1.00001 1.63281 -0.0454179 0.0493117 -0.00228405 -0.0140168 -0.0158583 -0.0636529 1.14748 0.114092 
0.625 1 1.78125 0.625015 1.00001 1.78124 -0.0454076 0.0550677 -0.00178561 -0.0152616 -0.0147945 -0.0681594 1.09866 0.0994666 
0.6875 1 1.94531 0.687514 1.00001 1.94531 -0.0454779 0.0608967 -0.00133696 -0.0163345 -0.0138002 -0.0729464 1.05504 0.0861776 
0.75 1 2.125 0.750013 1.00001 2.125 -0.0456019 0.0667862 -0.000948253 -0.0172514 -0.0128862 -0.0779562 1.01522 0.0744352 
0.8125 1 2.32031 0.812512 1.00001 2.32031 -0.0457574 0.0727218 -0.000619501 -0.0180317 -0.012054 -0.0831393 0.978297 0.064248 
0.875 1 2.53125 0.875011 1.00001 2.53125 -0.0459277 0.0786904 -0.000345736 -0.0186949 -0.0112999 -0.088456 0.943667 0.0555107 
-1 0.9375 2.87891 -1 0.9375 2.87891 0.0487071 0.09823 -0.0116343 -0.0168032 0.0209964 0.106928 0.564656 0.041739 
-0.9375 0.9375 2.63672 -0.937501 0.937501 2.63672 0.0569317 0.108558 -0.0099676 -0.0208422 0.0218765 0.119216 0.561732 0.0415834 
-0.875 0.9375 2.41016 -0.875019 0.93751 2.41015 0.0577768 0.10231 -0.0103734 -0.0202338 0.0229761 0.113911 0.606488 0.0482298 
-0.8125 0.9375 2.19922 -0.812521 0.937512 2.19921 0.0586378 0.0959358 -0.0106818 -0.0195454 0.0240395 0.108611 0.654864 0.055373 
-0.75 0.9375 2.00391 -0.750024 0.937515 2.0039 0.0595245 0.0893982 -0.0109438 -0.0187323 0.0251195 0.103311 0.710575 0.0637002 
-0.6875 0.9375 1.82422 -0.687527 0.937518 1.82421 0.06042 0.0826758 -0.011134 -0.0177787 0.026193 0.0980188 0.774986 0.0733687 
-0.625 0.9375 1.66016 -0.62503 0.937522 1.66014 0.0612987 0.0757485 -0.01122 -0.0166709 0.0272285 0.0927466 0.849621 0.084519 
-0.5625 0.9375 1.51172 -0.562533 0.937527 1.5117 0.0621238 0.0685995 -0.0111623 -0.0153992 0.0281852 0.0875117 0.936054 0.097246 
-0.5 0.9375 1.37891 -0.500035 0.937532 1.37889 -0.0628447 -0.0612203 0.0109163 0.0139613 -0.0290139 -0.0823396 1.03566 0.111554 
-0.4375 0.9375 1.26172 -0.437536 0.937538 1.2617 -0.0633958 -0.0536158 0.0104356 0.0123653 -0.0296596 -0.0772657 1.14918 0.127298 
-0.375 0.9375 1.16016 -0.375035 0.937544 1.16013 -0.0636978 -0.0458119 0.00967902 0.0106326 -0.0300671 -0.0723377 1.27593 0.144103 
-0.3125 0.9375 1.07422 -0.312532 0.937548 1.07419 -0.063663 -0.0378633 0.00862081 0.00879934 -0.0301904 -0.0676169 1.41282 0.161298 
-0.25 0.9375 1.00391 -0.250027 0.937551 1.00388 -0.0632099 -0.0298599 0.0072618 0.00691515 -0.0300038 -0.0631806 1.5532 0.177874 
-0.1875 0.9375 0.949219 -0.187519 0.937549 0.949192 -0.0622859 -0.0219281 0.00563909 0.00503788 -0.0295145 -0.0591244 1.68622 0.192535 
-0.125 0.9375 0.910156 -0.125011 0.937543 0.910133 -0.0608981 -0.0142176 0.00382819 0.00322423 -0.028771 -0.0555626 1.79751 0.203879 
-0.0625 0.9375 0.886719 -0.0625042 0.937535 0.8867 0.0591311 0.00687063 -0.00193256 -0.00151732 0.0278597 0.0526209 1.87186 0.210693 
0 0.9375 0.878906 4.05026e-07 0.937525 0.878892 0.0571275 -1.88491e-05 -6.21341e-05 6.36949e-05 0.0268815 0.0504078 1.89749 0.212263 
0.0625 0.9375 0.886719 0.0625028 0.937519 0.886709 0.0550259 -0.00642496 0.00168711 0.00152405 0.0259119 0.0489717 1.87004 0.208536 
0.125 0.9375 0.910156 0.125004 0.937515 0.910148 0.052913 -0.0123702 0.00324181 0.00288146 0.0249782 0.0482815 1.79422 0.200076 
0.1875 0.9375 0.949219 0.187506 0.937514 0.949211 0.0508365 -0.0178955 0.00455265 0.00415223 0.0240718 0.048256 1.68202 0.18787 
0.25 0.9375 1.00391 0.250008 0.937515 1.0039 0.0488444 -0.0230532 0.00559739 0.00534588 0.0231787 0.0488132 1.54867 0.173099 
0.3125 0.9375 1.07422 0.312511 0.937515 1.07421 0.0470003 -0.0279164 0.00638252 0.00646779 0.022298 0.0499004 1.4084 0.156938 
0.375 0.9375 1.16016 0.375013 0.937515 1.16015 0.0453712 -0.0325822 0.00693807 0.00752364 0.0214425 0.0514966 1.2719 0.140416 
0.4375 0.9375 1.26172 0.437514 0.937515 1.26171 0.0440066 -0.0371605 0.00730659 0.008521 0.0206293 0.0535976 1.14567 0.124339 
0.5 0.9375 1.37891 0.500015 0.937514 1.3789 -0.0429245 0.041753 -0.00753145 -0.00946763 -0.0198701 -0.0561968 1.0327 0.10926 
0.5625 0.9375 1.51172 0.562515 0.937512 1.51171 -0.0421083 0.0464336 -0.00764898 -0.0103683 -0.0191659 -0.0592693 0.933609 0.0955042 
0.625 0.9375 1.66016 0.625015 0.937511 1.66015 -0.041517 0.0512394 -0.00768607 -0.0112234 -0.018509 -0.0627667 0.847625 0.0832131 
0.6875 0.9375 1.82422 0.687514 0.937509 1.82421 -0.041099 0.0561748 -0.00766168 -0.0120295 -0.0178879 -0.066624 0.773366 0.0723952 
0.75 0.9375 2.00391 0.750013 0.937508 2.0039 -0.0408058 0.0612239 -0.00758962 -0.012782 -0.0172925 -0.0707719 0.709263 0.0629754 
0.8125 0.9375 2.19922 0.812512 0.937507 2.19922 -0.0405979 0.0663625 -0.00748079 -0.0134776 -0.0167161 -0.0751469 0.6538 0.0548322 
0.875 0.9375 2.41016 0.875011 0.937506 2.41015 -0.0404469 0.0715667 -0.00734428 -0.0141149 -0.0161558 -0.0796959 0.605623 0.0478245 
0.9375 0.9375 2.63672 0.937502 0.937501 2.63672 -0.0402984 0.0768465 -0.00706235 -0.0147547 -0.0154929 -0.084389 0.562267 0.0416026 
-1 0.875 2.76562 -1 0.875 2.76562 0.0451243 0.0969448 -0.0119847 -0.0168755 0.0207399 0.104227 0.567257 0.0456312 
-0.9375 0.875 2.52344 -0.937507 0.875003 2.52344 0.0529411 0.107908 -0.00967409 -0.0213632 0.0209534 0.116812 0.558631 0.0441841 
-0.875 0.875 2.29688 -0.875023 0.875011 2.29687 0.0537848 0.10177 -0.0101591 -0.0207983 0.0221217 0.111496 0.601648 0.0513408 
-0.8125 0.875 2.08594 -0.812526 0.875014 2.08593 0.0546664 0.095508 -0.0105373 -0.0201552 0.0232512 0.106181 0.649698 0.0592945 
-0.75 0.875 1.89062 -0.750029 0.875017 1.89062 0.0555911 0.0890846 -0.0108854 -0.0193813 0.0244189 0.100861 0.705255 0.0686555 
-0.6875 0.875 1.71094 -0.687533 0.875021 1.71093 0.0565458 0.0824754 -0.0111785 -0.0184564 0.0256035 0.0955427 0.769848 0.0796358 
-0.625 0.875 1.54688 -0.625036 0.875025 1.54686 0.0575091 0.0756559 -0.0113828 -0.0173614 0.0267734 0.0902355 0.845266 0.0924358 
-0.5625 0.875 1.39844 -0.56254 0.875031 1.39842 0.0584472 0.0686041 -0.0114545 -0.0160811 0.0278851 0.0849566 0.933494 0.107208 
-0.5 0.875 1.26562 -0.500043 0.875037 1.2656 0.0593116 0.0613055 -0.0113401 -0.0146085 0.028882 0.0797323 1.03651 0.124004 
-0.4375 0.875 1.14844 -0.437545 0.875045 1.14841 -0.0600358 -0.0537596 0.0109796 0.0129495 -0.0296974 -0.074601 1.15584 0.142691 
-0.375 0.875 1.04688 -0.375044 0.875052 1.04685 -0.0605358 -0.0459882 0.0103138 0.0111281 -0.030261 -0.0696155 1.29173 0.162864 
-0.3125 0.875 0.960938 -0.312541 0.875058 0.960905 -0.0607152 -0.0380448 0.00929748 0.00918833 -0.0305105 -0.064845 1.44184 0.183751 
-0.25 0.875 0.890625 -0.250035 0.875061 0.89059 -0.0604786 -0.0300214 0.00791597 0.00719231 -0.0304087 -0.0603754 1.59955 0.204168 
-0.1875 0.875 0.835938 -0.187526 0.87506 0.835903 -0.0597563 -0.022049 0.00620171 0.00521061 -0.0299596 -0.0563091 1.75261 0.22257 
-0.125 0.875 0.796875 -0.125016 0.875056 0.796844 -0.0585379 -0.0142844 0.00424106 0.00330723 -0.0292188 -0.052764 1.88339 0.237229 
-0.0625 0.875 0.773438 -0.0625065 0.875047 0.773411 -0.0568949 -0.00687725 0.00216267 0.00152369 -0.0282865 -0.0498654 1.97217 0.246541 
0 0.875 0.765625 1.86541e-07 0.875038 0.765603 -0.0549653 7.18633e-05 0.000107795 -0.000129248 -0.0272756 -0.0477203 2.00322 0.249381 
0.0625 0.875 0.773438 0.0625046 0.875031 0.77342 0.0528935 -0.00653231 0.00180071 0.00166528 0.0262685 0.046377 1.97095 0.245394 
0.125 0.875 0.796875 0.125008 0.875027 0.79686 0.0507811 -0.0125246 0.0034733 0.00310509 0.0252928 0.045807 1.882 0.235106 
0.1875 0.875 0.835938 0.187511 0.875026 0.835923 0.0486947 -0.0180914 0.00485596 0.00446209 0.0243389 0.0459322 1.75228 0.219777 
0.25 0.875 0.890625 0.250015 0.875026 0.89061 0.0467002 -0.0232918 0.00593079 0.00574054 0.0233941 0.0466728 1.60092 0.20107 
0.3125 0.875 0.960938 0.312518 0.875025 0.960923 0.0448722 -0.028209 0.00671388 0.00694162 0.0224606 0.0479757 1.44481 0.180678 
0.375 0.875 1.04688 0.37502 0.875024 1.04686 0.0432783 -0.0329487 0.007246 0.00806869 0.0215534 0.0498145 1.29579 0.160053 
0.4375 0.875 1.14844 0.437522 0.875022 1.14843 0.0419594 -0.0376225 0.00757831 0.00912787 0.0206895 0.0521738 1.16039 0.140266 
0.5 0.875 1.26562 0.500022 0.87502 1.26561 -0.0409198 0.0423251 -0.00775963 -0.0101252 -0.019878 -0.0550309 1.04109 0.121998 
0.5625 0.875 1.39844 0.562522 0.875017 1.39843 0.0401312 -0.0471174 0.00782938 0.0110634 0.0191178 0.0583436 0.937805 0.105598 
0.625 0.875 1.54688 0.625021 0.875015 1.54687 -0.0395469 0.0520233 -0.0078166 -0.0119416 -0.0184009 -0.0620507 0.849155 0.0911686 
0.6875 0.875 1.71094 0.68752 0.875012 1.71093 -0.0391162 0.0570389 -0.0077423 -0.0127564 -0.0177178 -0.0660819 0.773262 0.0786512 
0.75 0.875 1.89062 0.750018 0.875011 1.89062 -0.0387954 0.0621459 -0.00762232 -0.013505 -0.0170616 -0.0703691 0.708202 0.067896 
0.8125 0.875 2.08594 0.812516 0.875009 2.08593 -0.0385508 0.0673217 -0.00746916 -0.0141867 -0.0164286 -0.0748533 0.652216 0.0587104 
0.875 0.875 2.29688 0.875015 0.875007 2.29687 -0.038359 0.0725463 -0.00729295 -0.0148027 -0.0158177 -0.0794874 0.603788 0.0508918 
0.9375 0.875 2.52344 0.937503 0.875001 2.52344 -0.0381778 0.077824 -0.00701505 -0.0153942 -0.0151456 -0.0842435 0.559445 0.0439652 
1 0.875 2.76562 1 0.875 2.76562 -0.0343389 0.0744137 -0.00752679 -0.0136414 -0.0143744 -0.079878 0.542615 0.041667 
-1 0.8125 2.66016 -1 0.8125 2.66016 0.0415131 0.0957269 -0.0115369 -0.017281 0.0197442 0.101645 0.55877 0.0482331 
-0.9375 0.8125 2.41797 -0.937507 0.812503 2.41797 0.0489432 0.10719 -0.00933525 -0.0218636 0.0199495 0.114439 0.555258 0.0466121 
-0.875 0.8125 2.19141 -0.875024 0.812511 2.1914 0.049783 0.101164 -0.00985991 -0.0213612 0.0211468 0.109116 0.598076 0.0544798 
-0.8125 0.8125 1.98047 -0.812528 0.812514 1.98046 0.0506736 0.0950203 -0.0102928 -0.020778 0.0223237 0.103791 0.646028 0.0633028 
-0.75 0.8125 1.78516 -0.750031 0.812517 1.78515 0.0516233 0.0887203 -0.0107111 -0.0200622 0.0235599 0.0984552 0.70169 0.0737966 
-0.6875 0.8125 1.60547 -0.687536 0.812521 1.60546 0.0526239 0.0822372 -0.0110914 -0.0191896 0.0248378 0.0931133 0.766753 0.0862496 
-0.625 0.8125 1.44141 -0.62504 0.812526 1.44139 0.0536585 0.0755422 -0.0114001 -0.0181356 0.0261279 0.0877739 0.843264 0.100953 
-0.5625 0.8125 1.29297 -0.562545 0.812532 1.29295 0.0546983 0.0686078 -0.011591 -0.0168784 0.0273864 0.0824524 0.933606 0.11816 
-0.5 0.8125 1.16016 -0.500049 0.812539 1.16013 0.0556981 0.0614127 -0.0116043 -0.0154035 0.0285529 0.0771746 1.04035 0.138015 
-0.4375 0.8125 1.04297 -0.437551 0.812548 1.04294 -0.0565927 -0.0539489 0.0113686 0.013711 -0.0295514 -0.0719804 1.16581 0.160448 
-0.375 0.8125 0.941406 -0.375052 0.812556 0.941372 -0.0572954 -0.0462315 0.010808 0.0118217 -0.030297 -0.0669274 1.31121 0.185046 
-0.3125 0.8125 0.855469 -0.312549 0.812564 0.85543 -0.0577019 -0.0383096 0.0098568 0.00978227 -0.03071 -0.0620927 1.47503 0.210903 
-0.25 0.8125 0.785156 -0.250042 0.812569 0.785114 -0.0577028 -0.0302741 0.00848155 0.00766359 -0.0307364 -0.0575727 1.65084 0.236535 
-0.1875 0.8125 0.730469 -0.187531 0.812569 0.730427 -0.057209 -0.0222591 0.00670388 0.00554956 -0.03037 -0.0534803 1.82506 0.259916 
-0.125 0.8125 0.691406 -0.125019 0.812563 0.691368 -0.0561879 -0.014429 0.00461401 0.00351737 -0.0296668 -0.0499407 1.97667 0.278718 
-0.0625 0.8125 0.667969 -0.0625079 0.812553 0.667936 -0.0546924 -0.00694413 0.0023607 0.00161639 -0.0287364 -0.0470814 2.08094 0.290734 
0 0.8125 0.660156 2.31192e-07 0.812542 0.66013 0.0528524 -8.30375e-05 -0.000115803 0.000142146 0.0277059 0.0450084 2.1176 0.294397 
0.0625 0.8125 0.667969 0.0625055 0.812534 0.667948 0.0508179 -0.00661295 0.00196711 0.00177604 0.0266679 0.0437691 2.07936 0.289208 
0.125 0.8125 0.691406 0.125009 0.81253 0.691388 0.0487084 -0.0126632 0.00377612 0.00331019 0.0256551 0.0433357 1.97497 0.275906 
0.1875 0.8125 0.730469 0.187514 0.812529 0.730451 0.0466131 -0.0182808 0.00524659 0.00475978 0.0246591 0.0436322 1.82485 0.256254 
0.25 0.8125 0.785156 0.250018 0.812529 0.785139 0.044617 -0.0235355 0.0063612 0.0061287 0.0236675 0.0445797 1.65281 0.232533 
0.3125 0.8125 0.855469 0.312522 0.812528 0.855451 0.0428041 -0.0285221 0.00714434 0.00741643 0.0226829 0.0461218 1.4789 0.207011 
0.375 0.8125 0.941406 0.375025 0.812527 0.94139 0.0412396 -0.033353 0.00764784 0.00862369 0.0217204 0.0482232 1.31622 0.181563 
0.4375 0.8125 1.04297 0.437526 0.812524 1.04295 0.0399534 -0.0381372 0.00793283 0.00975317 0.0207956 0.0508534 1.17122 0.157512 
0.5 0.8125 1.16016 0.500026 0.812521 1.16014 0.0389371 -0.0429578 0.0080555 0.0108071 0.0199163 0.0539714 1.04562 0.135642 
0.5625 0.8125 1.29297 0.562525 0.812518 1.29296 -0.0381542 0.0478614 -0.00806062 -0.0117852 -0.019082 -0.0575189 0.938433 0.116297 
0.625 0.8125 1.44141 0.625024 0.812515 1.4414 -0.0375562 0.0528605 -0.00798149 -0.0126854 -0.0182874 -0.0614253 0.847518 0.0995169 
0.6875 0.8125 1.60547 0.687522 0.812513 1.60546 -0.0370964 0.0579461 -0.00784271 -0.0135059 -0.0175274 -0.0656184 0.770415 0.0851545 
0.75 0.8125 1.78516 0.75002 0.812511 1.78515 -0.0367364 0.0630998 -0.00766283 -0.0142464 -0.0167991 -0.0700336 0.704798 0.0729662 
0.8125 0.8125 1.98047 0.812518 0.812509 1.98046 -0.0364482 0.0683027 -0.00745605 -0.0149096 -0.0161015 -0.0746175 0.648646 0.0626741 
0.875 0.8125 2.19141 0.875016 0.812508 2.1914 -0.0362119 0.0735388 -0.00723325 -0.0155 -0.0154353 -0.0793289 0.600272 0.0540031 
0.9375 0.8125 2.41797 0.937503 0.812501 2.41797 -0.0359858 0.078817 -0.00691069 -0.016061 -0.014711 -0.0841456 0.556104 0.0463816 
1 0.8125 2.66016 1 0.8125 2.66016 -0.0320193 0.0745092 -0.0073821 -0.0140715 -0.013874 -0.0789991 0.537882 0.0440435 
-1 0.75 2.5625 -1 0.75 2.5625 0.0379402 0.0944595 -0.0110131 -0.0176723 0.0186536 0.0991114 0.550146 0.050873 
-0.9375 0.75 2.32031 -0.937507 0.750003 2.32031 0.0449485 0.106401 -0.00893583 -0.0223434 0.0188534 0.112101 0.551628 0.0490756 
-0.875 0.75 2.09375 -0.875025 0.750011 2.09374 0.0457752 0.100488 -0.00949302 -0.0219099 0.0200674 0.106774 0.594113 0.0576976 
-0.8125 0.75 1.88281 -0.812529 0.750013 1.8828 0.0466647 0.094465 -0.00997567 -0.0213947 0.021281 0.10144 0.641789 0.0674559 
-0.75 0.75 1.6875 -0.750034 0.750017 1.68749 0.047629 0.0882928 -0.010461 -0.0207474 0.0225769 0.0960906 0.697313 0.0791877 
-0.6875 0.75 1.50781 -0.687539 0.750021 1.5078 0.048665 0.0819421 -0.0109284 -0.0199397 0.0239421 0.0907271 0.762521 0.0932786 
-0.625 0.75 1.34375 -0.625044 0.750026 1.34373 0.0497616 0.0753798 -0.0113462 -0.018941 0.0253516 0.0853557 0.839704 0.11014 
-0.5625 0.75 1.19531 -0.56255 0.750033 1.19529 0.0508958 0.0685721 -0.0116674 -0.0177215 0.0267633 0.0799895 0.931652 0.130162 
-0.5 0.75 1.0625 -0.500055 0.750041 1.06247 0.0520276 0.0614898 -0.011827 -0.0162574 0.0281144 0.0746526 1.04157 0.153631 
-0.4375 0.75 0.945312 -0.437559 0.75005 0.945279 0.0530942 0.0541161 -0.0117417 -0.0145397 0.0293199 0.0693856 1.17271 0.18059 
-0.375 0.75 0.84375 -0.375061 0.750061 0.84371 -0.0540072 -0.0464586 0.0113161 0.0125839 -0.0302783 -0.0642504 1.32749 0.210648 
-0.3125 0.75 0.757812 -0.312558 0.75007 0.757766 -0.0546541 -0.0385616 0.010459 0.0104382 -0.0308873 -0.0593337 1.50564 0.242764 
-0.25 0.75 0.6875 -0.250051 0.750077 0.687449 -0.0549108 -0.030516 0.00911071 0.00818372 -0.0310705 -0.0547456 1.70133 0.275082 
-0.1875 0.75 0.632812 -0.187539 0.750078 0.632761 -0.0546668 -0.0224606 0.0072756 0.00592151 -0.0308074 -0.0506133 1.89985 0.304946 
-0.125 0.75 0.59375 -0.125024 0.750072 0.593703 -0.0538646 -0.0145677 0.00504511 0.00374608 -0.0301535 -0.0470722 2.0762 0.329202 
-0.0625 0.75 0.570312 -0.0625096 0.75006 0.570273 -0.0525349 -0.00700794 0.00259114 0.00171661 -0.0292309 -0.0442532 2.19932 0.344806 
0 0.75 0.5625 2.85998e-07 0.750047 0.562469 0.0507963 -9.60602e-05 -0.000123849 0.000156335 0.0281838 0.0422604 2.24285 0.349561 
0.0625 0.75 0.570312 0.0625065 0.750037 0.570288 0.0488046 -0.00669713 0.00216366 0.00189735 0.0271177 0.0411394 2.19727 0.342764 
0.125 0.75 0.59375 0.125011 0.750033 0.593728 0.0466984 -0.012811 0.00413064 0.00353734 0.0260696 0.040863 2.07415 0.32546 
0.1875 0.75 0.632812 0.187517 0.750033 0.632791 0.0445921 -0.0184906 0.00569923 0.00509359 0.0250308 0.0413565 1.89987 0.300123 
0.25 0.75 0.6875 0.250022 0.750033 0.687478 0.0425904 -0.0238162 0.00685319 0.00656849 0.0239872 0.0425393 1.70414 0.269901 
0.3125 0.75 0.757812 0.312527 0.750032 0.757791 0.0407844 -0.0288924 0.00762739 0.00795761 0.0229404 0.0443479 1.51065 0.237831 
0.375 0.75 0.84375 0.37503 0.75003 0.84373 0.0392349 -0.0338334 0.00808742 0.00925641 0.0219051 0.046733 1.33364 0.206339 
0.4375 0.75 0.945312 0.437531 0.750027 0.945295 -0.0379607 0.0387399 -0.00830705 -0.0104619 -0.020897 -0.0496454 1.17909 0.177047 
0.5 0.75 1.0625 0.500031 0.750023 1.06248 -0.0369437 0.0436809 -0.00835244 -0.0115717 -0.0199261 -0.0530251 1.04758 0.150838 
0.5625 0.75 1.19531 0.562529 0.750019 1.1953 -0.0361432 0.048689 -0.00827604 -0.0125836 -0.0189959 -0.0568001 0.937005 0.12802 
0.625 0.75 1.34375 0.625027 0.750016 1.34374 -0.0355128 0.0537688 -0.00811703 -0.0134962 -0.0181066 -0.0608944 0.844311 0.108524 
0.6875 0.75 1.50781 0.687525 0.750013 1.5078 -0.0350107 0.0589095 -0.00790417 -0.0143109 -0.0172583 -0.0652373 0.766408 0.0920714 
0.75 0.75 1.6875 0.750022 0.750011 1.68749 -0.0346041 0.0640958 -0.00765852 -0.015032 -0.0164519 -0.0697692 0.700557 0.0782886 
0.8125 0.75 1.88281 0.81252 0.750009 1.88281 -0.034269 0.0693131 -0.0073953 -0.0156662 -0.0156882 -0.0744434 0.644482 0.0667859 
0.875 0.75 2.09375 0.875018 0.750008 2.09374 -0.0339884 0.0745502 -0.00712536 -0.0162218 -0.0149679 -0.0792246 0.596345 0.0571966 
0.9375 0.75 2.32031 0.937504 0.750001 2.32031 -0.0337192 0.0798204 -0.00675949 -0.0167442 -0.014195 -0.0840958 0.552496 0.0488354 
1 0.75 2.5625 1 0.75 2.5625 -0.0296838 0.0746058 -0.00719414 -0.0145073 -0.0133104 -0.0781747 0.532854 0.0464893 
-1 0.6875 2.47266 -1 0.6875 2.47266 0.0344106 0.0931462 -0.0104101 -0.0180432 0.0174655 0.0966337 0.541508 0.0535208 
-0.9375 0.6875 2.23047 -0.937507 0.687503 2.23047 0.040963 0.105539 -0.00847299 -0.0227953 0.0176629 0.109803 0.547805 0.0515505 
-0.875 0.6875 2.00391 -0.875027 0.68751 2.0039 0.0417668 0.0997406 -0.0090536 -0.0224365 0.0188787 0.104474 0.589834 0.0609637 
-0.8125 0.6875 1.79297 -0.812531 0.687513 1.79296 0.0426445 0.0938399 -0.00957858 -0.0219971 0.0201154 0.0991349 0.637061 0.071718 
-0.75 0.6875 1.59766 -0.750036 0.687516 1.59764 0.0436116 0.0877996 -0.0101249 -0.021429 0.021458 0.0937742 0.692202 0.0847894 
-0.6875 0.6875 1.41797 -0.687542 0.687521 1.41795 0.0446708 0.0815876 -0.0106763 -0.0206999 0.0229003 0.0883917 0.75721 0.100685 
-0.625 0.6875 1.25391 -0.625048 0.687526 1.25389 0.0458179 0.0751665 -0.011205 -0.019773 0.024424 0.08299 0.834599 0.119971 
-0.5625 0.6875 1.10547 -0.562555 0.687533 1.10544 0.0470377 0.0684956 -0.0116657 -0.018609 0.0259919 0.0775784 0.92755 0.143228 
-0.5 0.6875 0.972656 -0.500062 0.687542 0.972626 0.0482967 0.0615363 -0.0119903 -0.0171724 0.0275415 0.0721778 1.03992 0.170946 
-0.4375 0.6875 0.855469 -0.437567 0.687553 0.85543 0.0495366 0.0542611 -0.0120841 -0.0154416 0.0289798 0.0668274 1.17603 0.203351 
-0.375 0.6875 0.753906 -0.375071 0.687565 0.753859 -0.0506681 -0.0466678 0.0118299 0.0134229 -0.0301867 -0.0615928 1.33974 0.240135 
-0.3125 0.6875 0.667969 -0.312569 0.687577 0.667913 -0.0515705 -0.0387961 0.011104 0.011164 -0.0310316 -0.0565718 1.53254 0.28013 
-0.25 0.6875 0.597656 -0.250062 0.687585 0.597595 -0.0521033 -0.0307391 0.00981105 0.00875801 -0.0314074 -0.051892 1.74981 0.321024 
-0.1875 0.6875 0.542969 -0.187548 0.687588 0.542905 -0.0521327 -0.0226437 0.00792904 0.0063284 -0.0312731 -0.0477009 1.97604 0.359328 
-0.125 0.6875 0.503906 -0.125029 0.687581 0.503848 -0.0515731 -0.0146922 0.00554621 0.00399307 -0.0306822 -0.0441482 2.18177 0.390768 
-0.0625 0.6875 0.480469 -0.0625117 0.687567 0.480421 -0.0504295 -0.00706419 0.00286093 0.00182379 -0.0297738 -0.0413693 2.32785 0.411131 
0 0.6875 0.472656 3.51917e-07 0.687551 0.47262 0.0488062 -0.000111079 -0.000131526 0.000171706 0.0287146 0.0394654 2.37985 0.417338 
0.0625 0.6875 0.480469 0.0625076 0.687541 0.48044 0.0468631 -0.00678208 0.00239782 0.00202909 0.027625 0.038479 2.32519 0.408391 
0.125 0.6875 0.503906 0.125014 0.687537 0.50388 0.0447602 -0.0129651 0.00454909 0.00378814 0.0265456 0.0383829 2.17931 0.385772 
0.1875 0.6875 0.542969 0.18752 0.687537 0.542942 0.0426389 -0.0187201 0.00622755 0.00546846 0.0254636 0.0391024 1.97647 0.352962 
0.25 0.6875 0.597656 0.250028 0.687538 0.597629 0.0406229 -0.0241375 0.00741842 0.00706885 0.0243601 0.0405523 1.75375 0.314306 
0.3125 0.6875 0.667969 0.312533 0.687536 0.667943 0.0388093 -0.0293272 0.00816985 0.00857738 0.0232338 0.0426569 1.53898 0.273882 
0.375 0.6875 0.753906 0.375036 0.687533 0.753882 0.037253 -0.0343981 0.00856513 0.00998022 0.0220999 0.0453472 1.34724 0.23482 
0.4375 0.6875 0.855469 0.437537 0.687529 0.855448 -0.0359641 0.0394372 -0.00869503 -0.0112662 -0.0209786 -0.0485519 1.18348 0.199099 
0.5 0.6875 0.972656 0.500036 0.687525 0.972639 -0.0349193 0.0444972 -0.00863979 -0.0124282 -0.019887 -0.0521925 1.04671 0.167683 
0.5625 0.6875 1.10547 0.562533 0.68752 1.10545 -0.0340783 0.0495998 -0.00846249 -0.0134639 -0.0188369 -0.056187 0.933418 0.140787 
0.625 0.6875 1.25391 0.625031 0.687517 1.25389 -0.033399 0.0547454 -0.00820958 -0.0143757 -0.0178365 -0.0604578 0.83953 0.118173 
0.6875 0.6875 1.41797 0.687527 0.687514 1.41796 -0.0328449 0.0599255 -0.00791396 -0.0151707 -0.016891 -0.0649386 0.761286 0.0993687 
0.75 0.6875 1.59766 0.750024 0.687511 1.59765 -0.0323875 0.0651297 -0.00759829 -0.015859 -0.0160035 -0.0695768 0.695546 0.083827 
0.8125 0.6875 1.79297 0.812522 0.687509 1.79296 -0.0320054 0.070349 -0.00727769 -0.0164527 -0.015175 -0.0743326 0.639798 0.0710124 
0.875 0.6875 2.00391 0.875019 0.687508 2.0039 -0.0316828 0.0755773 -0.00696187 -0.0169639 -0.0144049 -0.0791765 0.592075 0.0604436 
0.9375 0.6875 2.23047 0.937504 0.687501 2.23047 -0.0313745 0.0808312 -0.00655583 -0.0174392 -0.0135897 -0.0840965 0.548685 0.0513032 
1 0.6875 2.47266 1 0.6875 2.47266 -0.0273318 0.0747064 -0.00695759 -0.0149465 -0.0126777 -0.0774103 0.527595 0.0489879 
-1 0.625 2.39062 -1 0.625 2.39062 0.0309296 0.0917919 -0.00972677 -0.0183865 0.0161793 0.0942187 0.532992 0.0561402 
-0.9375 0.625 2.14844 -0.937508 0.625003 2.14844 0.0369936 0.104605 -0.00794492 -0.0232116 0.0163773 0.107549 0.543866 0.0540081 
-0.875 0.625 1.92188 -0.875028 0.62501 1.92187 0.037764 0.0989203 -0.00853771 -0.0229322 0.0175773 0.102222 0.585329 0.0642405 
-0.8125 0.625 1.71094 -0.812533 0.625013 1.71093 0.0386182 0.0931434 -0.00909496 -0.0225756 0.01882 0.096881 0.631948 0.0760417 
-0.75 0.625 1.51562 -0.750038 0.625016 1.51561 0.039575 0.0872384 -0.00969281 -0.0220971 0.0201919 0.0915132 0.686466 0.0905448 
-0.6875 0.625 1.33594 -0.687545 0.62502 1.33592 0.0406433 0.0811714 -0.0103211 -0.0214611 0.0216956 0.0861157 0.750926 0.108406 
-0.625 0.625 1.17188 -0.625052 0.625026 1.17185 0.0418272 0.0749007 -0.0109583 -0.0206244 0.0233223 0.0806872 0.828023 0.13039 
-0.5625 0.625 1.02344 -0.56256 0.625033 1.02341 0.0431208 0.0683782 -0.0115641 -0.0195375 0.0250439 0.0752316 0.921288 0.157329 
-0.5 0.625 0.890625 -0.500069 0.625043 0.890591 0.0445004 0.0615537 -0.0120711 -0.0181501 0.0268028 0.0697642 1.03524 0.190006 
-0.4375 0.625 0.773438 -0.437577 0.625055 0.773394 0.0459145 0.0543858 -0.0123755 -0.0164232 0.0285011 0.0643201 1.17529 0.228933 
-0.375 0.625 0.671875 -0.375082 0.625068 0.67182 0.0472742 0.0468596 -0.0123361 -0.0143482 0.0299986 0.0589667 1.3471 0.273973 
-0.3125 0.625 0.585938 -0.312583 0.625083 0.585872 -0.0484501 -0.039009 0.0117892 0.0119688 -0.0311288 -0.0538131 1.5544 0.323859 
-0.25 0.625 0.515625 -0.250075 0.625094 0.51555 -0.0492826 -0.0309334 0.0105906 0.00939185 -0.0317424 -0.0490104 1.79466 0.375732 
-0.1875 0.625 0.460938 -0.187559 0.625098 0.46086 -0.0496113 -0.0227946 0.00867855 0.00677085 -0.031768 -0.0447342 2.05222 0.425004 
-0.125 0.625 0.421875 -0.125036 0.625091 0.421803 -0.0493203 -0.0147898 0.00613166 0.00425621 -0.031256 -0.0411556 2.29271 0.465875 
-0.0625 0.625 0.398438 -0.0625143 0.625074 0.398379 -0.0483854 -0.00710574 0.00317854 0.00193623 -0.0303685 -0.0384155 2.46678 0.492528 
0 0.625 0.390625 4.28579e-07 0.625055 0.390582 0.0468928 -0.000128088 -0.000138203 0.000187938 0.0293029 0.0366098 2.52922 0.500658 
0.0625 0.625 0.398438 0.062509 0.625043 0.398403 0.045005 -0.00686263 0.0026791 0.00217005 0.0281976 0.0357757 2.46334 0.488851 
0.125 0.625 0.421875 0.125016 0.625041 0.421843 0.0429044 -0.013119 0.00504697 0.00406312 0.0270937 0.0358858 2.28981 0.4592 
0.1875 0.625 0.460938 0.187525 0.625042 0.460904 0.0407606 -0.0189659 0.00684862 0.00588918 0.0259686 0.0368644 2.05332 0.416596 
0.25 0.625 0.515625 0.250035 0.625043 0.515591 0.038716 -0.0245015 0.00807072 0.00764004 0.024793 0.0386177 1.80012 0.367031 
0.3125 0.625 0.585938 0.312541 0.625041 0.585905 0.0368716 -0.0298332 0.0087783 0.00929017 0.0235609 0.0410508 1.56259 0.315971 
0.375 0.625 0.671875 0.375044 0.625037 0.671846 0.0352782 -0.0350556 0.00907856 0.0108106 0.022292 0.0440689 1.35613 0.267451 
0.4375 0.625 0.773438 0.437544 0.625031 0.773413 0.0339423 -0.0402355 0.00908637 0.0121792 0.0210183 0.0475756 1.18389 0.223869 
0.5 0.625 0.890625 0.500042 0.625026 0.890604 -0.0328407 0.04541 -0.00890203 -0.0133854 -0.0197715 -0.0514757 1.04279 0.186231 
0.5625 0.625 1.02344 0.562538 0.625021 1.02342 -0.0319378 0.0505935 -0.00860257 -0.0144304 -0.018577 -0.0556812 0.927634 0.15458 
0.625 0.625 1.17188 0.625034 0.625017 1.17186 -0.0311966 0.055788 -0.00824233 -0.0153242 -0.0174512 -0.0601172 0.833225 0.128413 
0.6875 0.625 1.33594 0.68753 0.625014 1.33593 -0.0305848 0.0609905 -0.00785727 -0.0160825 -0.0164032 -0.0647247 0.755141 0.10699 
0.75 0.625 1.51562 0.750027 0.625011 1.51562 -0.0300763 0.0661977 -0.00746989 -0.0167232 -0.015436 -0.0694592 0.689866 0.0895291 
0.8125 0.625 1.71094 0.812524 0.625009 1.71093 -0.0296502 0.071407 -0.00709349 -0.0172639 -0.0145481 -0.0742881 0.634691 0.075309 
0.875 0.625 1.92188 0.875021 0.625007 1.92187 -0.0292904 0.0766169 -0.0067353 -0.0177207 -0.0137359 -0.0791881 0.58755 0.0637081 
0.9375 0.625 2.14844 0.937504 0.625001 2.14844 -0.0289488 0.0818472 -0.00629435 -0.0181405 -0.0128877 -0.0841514 0.544745 0.053757 
1 0.625 2.39062 1 0.625 2.39062 -0.0249629 0.0748149 -0.00666702 -0.0153861 -0.0119699 -0.0767128 0.52218 0.0515179 
-1 0.5625 2.31641 -1 0.5625 2.31641 0.0275029 0.0904031 -0.00896369 -0.0186948 0.0147971 0.0918751 0.524741 0.0586886 
-0.9375 0.5625 2.07422 -0.937508 0.562502 2.07422 0.0330475 0.1036 -0.00735112 -0.0235839 0.0149981 0.105347 0.539894 0.0564149 
-0.875 0.5625 1.84766 -0.875029 0.562509 1.84765 0.033774 0.0980275 -0.0079428 -0.023387 0.0161623 0.100025 0.580704 0.0674824 
-0.8125 0.5625 1.63672 -0.812534 0.562512 1.63671 0.0345922 0.0923744 -0.00851944 -0.0231189 0.0173901 0.0946854 0.626574 0.0803671 
-0.75 0.5625 1.44141 -0.75004 0.562515 1.44139 0.0355239 0.0866073 -0.00915553 -0.0227395 0.0187689 0.0893154 0.680252 0.0963776 
-0.6875 0.5625 1.26172 -0.687548 0.562519 1.2617 0.0365848 0.0806913 -0.0098485 -0.0222111 0.0203115 0.0839086 0.743826 0.116349 
-0.625 0.5625 1.09766 -0.625056 0.562525 1.09763 0.0377885 0.0745811 -0.0105858 -0.0214847 0.022022 0.0784589 0.820118 0.141294 
-0.5625 0.5625 0.949219 -0.562566 0.562533 0.94919 0.0391408 0.0682203 -0.0113369 -0.0205001 0.0238868 0.0729637 0.912945 0.172377 
-0.5 0.5625 0.816406 -0.500076 0.562543 0.816368 0.0406314 0.0615453 -0.0120401 -0.0191895 0.0258598 0.0674294 1.02742 0.210787 
-0.4375 0.5625 0.699219 -0.437587 0.562556 0.699169 0.0422197 0.0544958 -0.0125878 -0.0174906 0.0278447 0.061883 1.17011 0.257463 
-0.375 0.5625 0.597656 -0.375095 0.562571 0.597593 0.0438199 0.047038 -0.0128151 -0.0153709 0.029682 0.0563888 1.34865 0.312583 
-0.3125 0.5625 0.511719 -0.312598 0.562588 0.511641 -0.0452921 -0.0391976 0.0125088 0.0128633 -0.03116 -0.0510674 1.5697 0.374836 
-0.25 0.5625 0.441406 -0.250091 0.562602 0.441316 -0.0464529 -0.0310858 0.0114575 0.0100903 -0.0320696 -0.0460999 1.83385 0.440695 
-0.1875 0.5625 0.386719 -0.187572 0.562609 0.386623 -0.0471104 -0.0228927 0.00954099 0.00724691 -0.0322936 -0.0417025 2.12638 0.50413 
-0.125 0.5625 0.347656 -0.125045 0.562602 0.347567 -0.0471157 -0.0148405 0.00681861 0.0045301 -0.0318775 -0.0380778 2.40775 0.55728 
-0.0625 0.5625 0.324219 -0.0625174 0.562581 0.324148 0.0464135 0.00712133 -0.00355404 -0.00205031 0.0310169 0.0353737 2.61586 0.592163 
0 0.5625 0.316406 5.12855e-07 0.562558 0.316355 0.0450686 -0.00014676 -0.000142934 0.000204337 0.029952 0.0336757 2.69113 0.602816 
0.0625 0.5625 0.324219 0.0625105 0.562545 0.324179 0.0432436 -0.00692964 0.00301943 0.00231693 0.0288432 0.0330129 2.6114 0.587247 
0.125 0.5625 0.347656 0.12502 0.562544 0.347618 0.0411434 -0.0132607 0.00564376 0.00436047 0.027726 0.0333576 2.40442 0.548385 
0.1875 0.5625 0.386719 0.187532 0.562548 0.386677 0.0389656 -0.0192199 0.00758375 0.00635961 0.0265586 0.0346328 2.12849 0.493055 
0.25 0.5625 0.441406 0.250043 0.562549 0.441364 0.0368696 -0.0249079 0.00882626 0.00829341 0.0252922 0.0367315 1.84129 0.429469 
0.3125 0.5625 0.511719 0.312551 0.562546 0.511679 0.0349605 -0.0304175 0.00945813 0.010113 0.0239154 0.039531 1.57999 0.364933 
0.375 0.5625 0.597656 0.375053 0.56254 0.597621 0.03329 -0.0358155 0.00962059 0.0117657 0.0224604 0.0429026 1.35939 0.304647 
0.4375 0.5625 0.699219 0.437552 0.562533 0.699189 0.0318688 -0.0411429 0.00946412 0.0132156 0.0209841 0.046722 1.1799 0.251497 
0.5 0.5625 0.816406 0.500048 0.562527 0.816382 -0.030681 0.0464232 -0.00911716 -0.014452 -0.0195437 -0.0508797 1.0357 0.206475 
0.5625 0.5625 0.949219 0.562543 0.562522 0.9492 -0.0296978 0.0516705 -0.0086737 -0.0154856 -0.0181812 -0.0552872 0.919696 0.169326 
0.625 0.5625 1.09766 0.625038 0.562517 1.09764 -0.0288866 0.0568941 -0.00819499 -0.0163397 -0.0169207 -0.0598769 0.825516 0.139156 
0.6875 0.5625 1.26172 0.687534 0.562514 1.26171 -0.0282163 0.062101 -0.0077173 -0.0170416 -0.0157709 -0.0645996 0.748112 0.114851 
0.75 0.5625 1.44141 0.750029 0.562511 1.4414 -0.0276604 0.0672962 -0.00726016 -0.0176181 -0.0147308 -0.0694204 0.683651 0.0953235 
0.8125 0.5625 1.63672 0.812525 0.562509 1.63671 -0.0271965 0.0724839 -0.0068328 -0.0180928 -0.0137939 -0.0743144 0.629279 0.0796192 
0.875 0.5625 1.84766 0.875022 0.562507 1.84765 -0.0268069 0.0776669 -0.00643845 -0.0184853 -0.0129511 -0.079264 0.582868 0.0669464 
0.9375 0.5625 2.07422 0.937505 0.562501 2.07422 -0.0264399 0.082867 -0.0059702 -0.0188417 -0.0120826 -0.0842654 0.540758 0.0561642 
1 0.5625 2.31641 1 0.5625 2.31641 -0.0225768 0.074937 -0.00631712 -0.0158229 -0.0111814 -0.0760906 0.5167 0.0540525 
-1 0.5 2.25 -1 0.5 2.25 0.0241367 0.0889881 -0.00812417 -0.0189602 0.0133239 0.0896127 0.516901 0.0611178 
-0.9375 0.5 2.00781 -0.937508 0.500002 2.00781 0.0291332 0.102527 -0.00669277 -0.0239039 0.0135292 0.103204 0.535981 0.0587333 
-0.875 0.5 1.78125 -0.87503 0.500009 1.78124 0.0298047 0.0970636 -0.00726824 -0.0237903 0.0146352 0.0978893 0.576074 0.0706359 
-0.8125 0.5 1.57031 -0.812536 0.500011 1.5703 0.0305738 0.091533 -0.00784859 -0.0236144 0.015824 0.0925559 0.621087 0.0846213 
-0.75 0.5 1.375 -0.750042 0.500014 1.37499 0.0314641 0.0859052 -0.00850537 -0.0233419 0.0171818 0.0871893 0.67374 0.102189 
-0.6875 0.5 1.19531 -0.687551 0.500018 1.19529 0.0324985 0.0801455 -0.00924478 -0.0229344 0.0187331 0.0817802 0.736122 0.124385 
-0.625 0.5 1.03125 -0.62506 0.500024 1.03123 0.0337007 0.074206 -0.0100663 -0.0223391 0.0204981 0.0763177 0.811112 0.152526 
-0.5625 0.5 0.882812 -0.562571 0.500032 0.882781 0.0350916 0.0680228 -0.0109538 -0.0214857 0.0224835 0.070791 0.902718 0.188201 
-0.5 0.5 0.75 -0.500084 0.500042 0.749958 0.0366787 0.0615164 -0.0118601 -0.0202868 0.024665 0.0651946 1.01654 0.233153 
-0.4375 0.5 0.632812 -0.437597 0.500055 0.632757 0.0384391 0.0546009 -0.0126827 -0.0186491 0.0269591 0.0595407 1.16023 0.288947 
-0.375 0.5 0.53125 -0.375109 0.500072 0.531178 0.0402953 0.047213 -0.0132372 -0.0165038 0.0291929 0.0538832 1.34355 0.356276 
-0.3125 0.5 0.445312 -0.312614 0.500091 0.445222 0.0420952 0.0393625 -0.0132512 -0.0138603 0.0310994 0.0483501 1.57674 0.433883 
-0.25 0.5 0.375 -0.250109 0.500109 0.374892 -0.0436219 -0.0311801 0.0124201 0.0108573 -0.0323821 -0.0431608 1.86489 0.517414 
-0.1875 0.5 0.320312 -0.187588 0.500118 0.320195 -0.0446423 -0.0229078 0.0105361 0.00774983 -0.0328526 -0.0385921 2.19575 0.59892 
-0.125 0.5 0.28125 -0.125055 0.500111 0.28114 -0.0449722 -0.0148135 0.00762693 0.00480365 -0.032549 -0.034894 2.52474 0.667808 
-0.0625 0.5 0.257812 -0.062521 0.500087 0.257727 0.0445272 0.00709344 -0.00399889 -0.00215917 0.0317185 0.0322219 2.77395 0.713256 
0 0.5 0.25 5.96705e-07 0.50006 0.249941 0.0433486 -0.000166164 -0.000144376 0.000219591 0.0306627 0.0306414 2.86494 0.727156 
0.0625 0.5 0.257812 0.062512 0.500046 0.257767 0.041595 -0.00696746 0.00343326 0.0024628 0.0295683 0.0301684 2.76826 0.706746 
0.125 0.5 0.28125 0.125024 0.500048 0.281203 -0.0394919 0.0133691 -0.0063636 -0.0046739 -0.0284563 -0.0307772 2.52106 0.656049 
0.1875 0.5 0.320312 0.187541 0.500054 0.32026 -0.0372635 0.0194659 -0.00845941 -0.00688086 -0.0272486 -0.0323917 2.19935 0.584438 
0.25 0.5 0.375 0.250055 0.500055 0.374946 0.0350827 -0.025353 0.00970372 0.0090411 0.0258635 0.0348866 1.87485 0.503038 
0.3125 0.5 0.445312 0.312563 0.50005 0.445263 -0.033061 0.0310878 -0.0102119 -0.0110664 -0.024284 -0.0380997 1.58948 0.421564 
0.375 0.5 0.53125 0.375064 0.500043 0.531208 -0.0312613 0.0366904 -0.0101765 -0.0128667 -0.0225721 -0.0418564 1.35611 0.346729 
0.4375 0.5 0.632812 0.437561 0.500035 0.632778 -0.0297111 0.0421696 -0.0098017 -0.0143906 -0.0208312 -0.0460008 1.17116 0.282017 
0.5 0.5 0.75 0.500056 0.500028 0.749972 -0.0284087 0.047542 -0.00925461 -0.0156348 -0.0191562 -0.0504137 1.02545 0.22831 
0.5625 0.5 0.882812 0.562549 0.500022 0.882791 -0.0273321 0.0528311 -0.00864721 -0.0166292 -0.0176074 -0.0550127 0.909759 0.184878 
0.625 0.5 1.03125 0.625043 0.500017 1.03123 -0.0264488 0.0580615 -0.00804366 -0.0174167 -0.0162105 -0.0597433 0.816602 0.150259 
0.6875 0.5 1.19531 0.687537 0.500014 1.1953 -0.0257252 0.0632535 -0.0074756 -0.0180397 -0.0149679 -0.0645694 0.740393 0.122833 
0.75 0.5 1.375 0.750032 0.500011 1.37499 -0.0251304 0.0684219 -0.00695556 -0.0185346 -0.0138692 -0.0694664 0.677072 0.101118 
0.8125 0.5 1.57031 0.812527 0.500008 1.5703 -0.0246386 0.073577 -0.00648606 -0.0189304 -0.0128993 -0.0744175 0.623704 0.0838733 
0.875 0.5 1.78125 0.875024 0.500007 1.78124 -0.024229 0.0787256 -0.0060648 -0.0192495 -0.0120419 -0.0794103 0.578146 0.0701073 
0.9375 0.5 2.00781 0.937505 0.500001 2.00781 -0.023846 0.0838901 -0.00557938 -0.0195355 -0.0111693 -0.0844448 0.536813 0.0584881 
1 0.5 2.25 1 0.5 2.25 -0.0201729 0.0750806 -0.0059029 -0.0162531 -0.0103071 -0.0755545 0.511258 0.0565596 
-1 0.4375 2.19141 -1 0.4375 2.19141 0.0208371 0.0875578 -0.00721446 -0.0191754 0.0117684 0.0874437 0.50962 0.0633754 
-0.9375 0.4375 1.94922 -0.937508 0.437502 1.94922 0.0252592 0.101392 -0.00597301 -0.0241633 0.0119771 0.101127 0.532224 0.0609222 
-0.875 0.4375 1.72266 -0.875031 0.437508 1.72265 0.0258651 0.096032 -0.00651577 -0.0241314 0.0130012 0.095824 0.571569 0.0736409 
-0.8125 0.4375 1.51172 -0.812537 0.43751 1.51171 0.0265714 0.0906204 -0.00708166 -0.0240484 0.0141237 0.0905011 0.615652 0.088719 
-0.75 0.4375 1.31641 -0.750044 0.437513 1.31639 0.0274027 0.0851313 -0.00773741 -0.0238876 0.0154277 0.0851439 0.667143 0.10786 
-0.6875 0.4375 1.13672 -0.687553 0.437517 1.1367 0.0283882 0.0795315 -0.00849845 -0.023612 0.016949 0.0797407 0.728082 0.132347 
-0.625 0.4375 0.972656 -0.625064 0.437522 0.972631 0.029563 0.073773 -0.00937835 -0.0231677 0.0187263 0.0742762 0.801325 0.163862 
-0.5625 0.4375 0.824219 -0.562577 0.43753 0.824185 0.0309647 0.0677858 -0.0103812 -0.0224768 0.0207933 0.0687308 0.890945 0.204523 
-0.5 0.4375 0.691406 -0.500092 0.43754 0.691361 0.0326257 0.0614734 -0.0114846 -0.0214322 0.0231601 0.0630839 1.00285 0.25681 
-0.4375 0.4375 0.574219 -0.437608 0.437554 0.574158 0.0345512 0.0547165 -0.0126069 -0.0199023 0.0257754 0.0573249 1.1456 0.323183 
-0.375 0.4375 0.472656 -0.375123 0.437571 0.472575 0.0366826 0.047404 -0.0135572 -0.0177625 0.0284691 0.0514836 1.3311 0.405148 
-0.3125 0.4375 0.386719 -0.312633 0.437592 0.386613 0.0388559 0.0395113 -0.0139963 -0.0149761 0.0309106 0.0456844 1.5738 0.501638 
-0.25 0.4375 0.316406 -0.25013 0.437613 0.316277 -0.0408022 -0.0311958 0.0134866 0.0116945 -0.0326728 -0.0401947 1.88486 0.60721 
-0.1875 0.4375 0.261719 -0.187608 0.437626 0.261576 -0.0422266 -0.0227948 0.0116871 0.00826401 -0.0334506 -0.0353842 2.25676 0.711328 
-0.125 0.4375 0.222656 -0.125067 0.437619 0.222522 -0.0429087 -0.0146618 0.00857838 0.00505613 -0.0332723 -0.031577 2.64044 0.799845 
-0.0625 0.4375 0.199219 -0.062525 0.437591 0.199117 0.0427432 0.00699524 -0.00452486 -0.00225078 0.0324684 0.0289332 2.93872 0.858422 
0 0.4375 0.191406 6.64703e-07 0.437559 0.191341 0.0417499 -0.000184317 -0.000140761 0.00023141 0.0314306 0.0274804 3.04871 0.876365 
0.0625 0.4375 0.199219 0.0625136 0.437546 0.199168 0.040078 -0.00695018 0.00393707 0.00259465 0.0303773 0.0272129 2.93156 0.849958 
0.125 0.4375 0.222656 0.12503 0.437552 0.222598 0.0379689 -0.0134076 0.00723539 0.00498883 0.0292996 0.028114 2.63658 0.78454 
0.1875 0.4375 0.261719 0.187552 0.43756 0.261652 0.0356674 -0.0196744 0.00950831 0.00744806 0.0280571 0.0301161 2.26244 0.692641 
0.25 0.4375 0.316406 0.250069 0.437561 0.316338 -0.0333541 0.0258272 -0.0107244 -0.00989509 -0.0265117 -0.0330723 1.89791 0.589027 
0.3125 0.4375 0.386719 0.312577 0.437554 0.386658 -0.0311522 0.0318545 -0.0110367 -0.0121749 -0.0246435 -0.036762 1.58928 0.486514 
0.375 0.4375 0.472656 0.375077 0.437545 0.472606 0.0291557 -0.0376982 0.0107188 0.0141387 0.0225768 0.0409449 1.34552 0.393848 
0.4375 0.4375 0.574219 0.437571 0.437536 0.574178 -0.0274275 0.0433299 -0.0100585 -0.0157199 -0.0204961 -0.0454282 1.15755 0.31529 
0.5 0.4375 0.691406 0.500063 0.437528 0.691375 -0.025986 0.0487726 -0.0092727 -0.0169377 -0.0185478 -0.0500911 1.01222 0.251492 
0.5625 0.4375 0.824219 0.562555 0.437522 0.824194 -0.0248108 0.0540754 -0.00848757 -0.0178559 -0.0168046 -0.0548683 0.898111 0.200991 
0.625 0.4375 0.972656 0.625047 0.437517 0.972637 -0.0238622 0.0592869 -0.00776119 -0.0185451 -0.0152827 -0.0597252 0.806773 0.161518 
0.6875 0.4375 1.13672 0.68754 0.437513 1.1367 -0.0230973 0.0644439 -0.00711278 -0.0190648 -0.0139676 -0.0646416 0.732235 0.130779 
0.75 0.4375 1.31641 0.750034 0.43751 1.31639 -0.0224775 0.0695712 -0.00654292 -0.0194608 -0.0128335 -0.0696045 0.670332 0.106798 
0.8125 0.4375 1.51172 0.812529 0.437508 1.51171 -0.0219713 0.0746843 -0.0060447 -0.0197659 -0.0118531 -0.0746045 0.618125 0.0879895 
0.875 0.4375 1.72266 0.875025 0.437506 1.72265 -0.021554 0.0797923 -0.00560901 -0.0200039 -0.0110015 -0.0796346 0.573507 0.0731321 
0.9375 0.4375 1.94922 0.937505 0.437501 1.94922 -0.0211665 0.0849173 -0.00511904 -0.020214 -0.0101443 -0.0846975 0.533006 0.060688 
1 0.4375 2.19141 1 0.4375 2.19141 -0.0177504 0.0752558 -0.00542002 -0.016673 -0.00934265 -0.0751174 0.505967 0.059001 
-1 0.375 2.14062 -1 0.375 2.14062 0.0176106 0.0861263 -0.00624396 -0.0193339 0.0101433 0.0853825 0.503039 0.0654066 
-0.9375 0.375 1.89844 -0.937508 0.375002 1.89844 0.0214349 0.1002 -0.00519709 -0.0243545 0.0103514 0.0991275 0.52872 0.0629379 
-0.875 0.375 1.67188 -0.875032 0.375007 1.67187 0.0219649 0.094938 -0.00569001 -0.0243996 0.0112692 0.0938388 0.567321 0.0764319 
-0.8125 0.375 1.46094 -0.812538 0.375009 1.46093 0.0225949 0.0896399 -0.00622146 -0.0244069 0.0122965 0.0885305 0.61045 0.0925638 
-0.75 0.375 1.26562 -0.750046 0.375011 1.26561 0.0233484 0.0842858 -0.00685077 -0.0243582 0.0135092 0.0831887 0.660702 0.113247 
-0.6875 0.375 1.08594 -0.687555 0.375015 1.08592 0.0242601 0.078847 -0.00760198 -0.024221 0.0149535 0.0778005 0.720028 0.140028 
-0.625 0.375 0.921875 -0.625067 0.37502 0.921848 0.0253751 0.0732778 -0.00850345 -0.023944 0.0166869 0.0723469 0.791175 0.175002 
-0.5625 0.375 0.773438 -0.562582 0.375027 0.773401 0.0267502 0.0675064 -0.00958368 -0.023447 0.0187746 0.0668004 0.878133 0.220933 
-0.5 0.375 0.640625 -0.500099 0.375037 0.640576 0.0284488 0.0614214 -0.0108572 -0.0226068 0.0212755 0.0611236 0.986875 0.28125 
