856
304.000000 483.000000 110.000433
173.000000 315.000000 150.000135
389.000000 259.000000 110.000009
197.000000 341.000000 130.000097
390.000000 329.000000 69.999907
87.000000 189.000000 119.999588
427.000000 391.000000 19.999914
219.000000 283.000000 159.999587
228.000000 410.000000 149.999687
176.000000 356.000000 150.000143
36.000000 243.000000 40.000174
409.000000 409.000000 9.999581
345.000000 395.000000 130.000241
378.000000 336.000000 79.999859
405.000000 442.000000 29.999878
437.000000 388.000000 20.000099
385.000000 345.000000 90.000418
223.000000 509.000000 10.000330
253.000000 62.000000 10.000304
339.000000 498.000000 40.000232
418.000000 406.000000 20.000279
203.000000 86.000000 99.999776
96.000000 159.000000 120.000081
390.000000 320.000000 69.999762
344.000000 362.000000 139.999772
157.000000 57.000000 -0.000304
130.000000 480.000000 40.000064
190.000000 294.000000 160.000245
407.000000 398.000000 30.000234
396.000000 436.000000 40.000360
387.000000 332.000000 49.999562
192.000000 317.000000 149.999693
90.000000 134.000000 99.999822
92.000000 252.000000 130.000028
164.000000 251.000000 159.999649
161.000000 448.000000 120.000467
380.000000 453.000000 50.000039
76.000000 423.000000 39.999921
410.000000 176.000000 40.000464
346.000000 238.000000 140.000280
278.000000 464.000000 130.000458
318.000000 464.000000 110.000374
421.000000 273.000000 39.999857
320.000000 85.000000 9.999990
230.000000 60.000000 40.000167
403.000000 443.000000 9.999941
377.000000 278.000000 129.999965
211.000000 75.000000 79.999614
396.000000 451.000000 19.999695
379.000000 323.000000 100.000100
138.000000 162.000000 149.999904
373.000000 359.000000 119.999709
298.000000 154.000000 140.000005
377.000000 481.000000 19.999977
405.000000 280.000000 99.999667
412.000000 329.000000 20.000329
392.000000 320.000000 80.000343
155.000000 323.000000 159.999924
171.000000 323.000000 149.999700
70.000000 369.000000 60.000396
270.000000 512.000000 100.000031
62.000000 359.000000 10.000338
401.000000 300.000000 49.999758
366.000000 156.000000 99.999742
125.000000 289.000000 150.000344
306.000000 417.000000 140.000297
189.000000 303.000000 160.000009
215.000000 339.000000 140.000396
346.000000 349.000000 139.999537
73.000000 365.000000 69.999577
127.000000 77.000000 70.000150
108.000000 80.000000 9.999701
416.000000 396.000000 29.999763
355.000000 471.000000 70.000335
383.000000 332.000000 79.999789
279.000000 495.000000 109.999962
182.000000 392.000000 139.999695
418.000000 194.000000 20.000169
399.000000 396.000000 49.999602
323.000000 406.000000 139.999632
401.000000 296.000000 70.000372
116.000000 94.000000 90.000421
408.000000 302.000000 39.999870
398.000000 444.000000 39.999970
391.000000 316.000000 59.999679
34.000000 233.000000 29.999582
406.000000 412.000000 20.000116
75.000000 278.000000 109.999973
36.000000 251.000000 19.999539
387.000000 142.000000 -0.000290
415.000000 231.000000 60.000112
114.000000 84.000000 59.999969
176.000000 309.000000 159.999733
104.000000 469.000000 79.999782
134.000000 80.000000 80.000475
365.000000 453.000000 60.000166
76.000000 325.000000 100.000301
372.000000 346.000000 120.000425
384.000000 160.000000 79.999710
352.000000 318.000000 129.999934
385.000000 317.000000 40.000493
381.000000 319.000000 110.000497
103.000000 84.000000 19.999857
400.000000 406.000000 40.000279
354.000000 491.000000 60.000459
419.000000 282.000000 10.000487
203.000000 507.000000 60.000487
235.000000 510.000000 89.999674
444.000000 387.000000 29.999811
391.000000 313.000000 99.999893
398.000000 450.000000 9.999883
131.000000 300.000000 150.000225
83.000000 110.000000 40.000016
187.000000 503.000000 -0.000434
155.000000 323.000000 150.000140
212.000000 54.000000 19.999945
97.000000 291.000000 129.999725
148.000000 308.000000 149.999883
343.000000 211.000000 139.999546
198.000000 328.000000 120.000389
431.000000 405.000000 19.999725
400.000000 300.000000 89.999605
400.000000 184.000000 80.000122
362.000000 340.000000 129.999568
347.000000 272.000000 140.000053
104.000000 251.000000 140.000464
71.000000 131.000000 59.999648
110.000000 94.000000 79.999923
374.000000 479.000000 40.000239
372.000000 328.000000 99.999759
374.000000 456.000000 49.999600
217.000000 466.000000 129.999695
207.000000 340.000000 119.999813
394.000000 298.000000 109.999600
398.000000 158.000000 20.000463
376.000000 422.000000 69.999535
419.000000 204.000000 39.999848
397.000000 425.000000 39.999772
425.000000 394.000000 -0.000166
395.000000 469.000000 0.000180
203.000000 347.000000 130.000090
175.000000 356.000000 159.999756
337.000000 482.000000 79.999700
403.000000 290.000000 100.000395
384.000000 441.000000 59.999825
103.000000 268.000000 139.999921
88.000000 158.000000 110.000417
420.000000 264.000000 49.999543
394.000000 309.000000 59.999763
403.000000 385.000000 49.999907
398.000000 274.000000 109.999683
398.000000 396.000000 30.000477
188.000000 376.000000 149.999695
251.000000 467.000000 129.999727
410.000000 173.000000 -0.000375
419.000000 388.000000 30.000459
53.000000 178.000000 70.000064
386.000000 456.000000 29.999720
230.000000 432.000000 139.999657
209.000000 102.000000 119.999952
399.000000 261.000000 100.000481
34.000000 263.000000 9.999982
387.000000 185.000000 100.000227
166.000000 200.000000 160.000091
397.000000 459.000000 10.000459
112.000000 355.000000 119.999623
151.000000 416.000000 119.999934
387.000000 396.000000 70.000126
414.000000 205.000000 59.999887
84.000000 431.000000 49.999623
54.000000 333.000000 40.000151
226.000000 489.000000 120.000098
210.000000 331.000000 139.999959
62.000000 355.000000 59.999599
128.000000 201.000000 149.999744
399.000000 310.000000 40.000499
285.000000 137.000000 129.999978
271.000000 90.000000 79.999948
392.000000 406.000000 39.999814
126.000000 71.000000 19.999775
395.000000 316.000000 69.999631
196.000000 340.000000 140.000123
172.000000 101.000000 119.999703
386.000000 386.000000 20.000299
412.000000 373.000000 20.000375
368.000000 337.000000 119.999973
192.000000 56.000000 29.999926
326.000000 425.000000 129.999868
328.000000 124.000000 100.000456
419.000000 252.000000 60.000317
101.000000 187.000000 130.000292
282.000000 510.000000 40.000476
48.000000 169.000000 19.999612
368.000000 263.000000 130.000181
106.000000 86.000000 40.000336
137.000000 485.000000 60.000020
337.000000 498.000000 10.000284
179.000000 390.000000 149.999695
57.000000 165.000000 60.000363
370.000000 319.000000 119.999686
159.000000 305.000000 159.999920
380.000000 410.000000 69.999540
66.000000 161.000000 80.000411
211.000000 325.000000 120.000116
207.000000 322.000000 110.000247
136.000000 139.000000 139.999844
425.000000 364.000000 0.000175
46.000000 181.000000 50.000130
407.000000 374.000000 39.999586
410.000000 170.000000 9.999842
416.000000 288.000000 40.000290
301.000000 198.000000 149.999552
368.000000 431.000000 79.999967
95.000000 115.000000 89.999527
190.000000 504.000000 40.000392
431.000000 381.000000 39.999951
389.000000 385.000000 60.000331
111.000000 236.000000 139.999941
305.000000 86.000000 49.999887
174.000000 344.000000 150.000400
406.000000 290.000000 79.999632
411.000000 176.000000 30.000029
403.000000 401.000000 0.000395
186.000000 371.000000 149.999597
396.000000 378.000000 19.999972
407.000000 393.000000 50.000248
314.000000 84.000000 30.000111
82.000000 442.000000 40.000237
190.000000 63.000000 59.999546
418.000000 280.000000 50.000063
107.000000 109.000000 99.999534
429.000000 377.000000 20.000148
241.000000 399.000000 149.999519
231.000000 480.000000 119.999633
293.000000 494.000000 110.000320
386.000000 395.000000 50.000398
189.000000 304.000000 150.000129
359.000000 426.000000 100.000239
404.000000 445.000000 20.000042
390.000000 362.000000 60.000269
255.000000 393.000000 149.999647
266.000000 511.000000 60.000270
445.000000 377.000000 19.999922
238.000000 512.000000 80.000183
263.000000 74.000000 60.000051
345.000000 327.000000 130.000341
297.000000 510.000000 69.999558
204.000000 336.000000 110.000464
93.000000 273.000000 130.000439
156.000000 143.000000 149.999849
214.000000 414.000000 150.000013
208.000000 475.000000 130.000315
174.000000 350.000000 149.999545
406.000000 179.000000 59.999608
397.000000 418.000000 39.999645
197.000000 340.000000 109.999887
305.000000 95.000000 70.000078
223.000000 451.000000 130.000063
67.000000 291.000000 99.999993
374.000000 461.000000 59.999831
395.000000 317.000000 89.999780
140.000000 482.000000 100.000201
364.000000 361.000000 129.999692
396.000000 462.000000 0.000002
403.000000 421.000000 10.000436
373.000000 174.000000 109.999736
393.000000 458.000000 19.999949
379.000000 456.000000 39.999971
396.000000 240.000000 100.000184
71.000000 118.000000 20.000391
364.000000 427.000000 90.000438
390.000000 440.000000 49.999887
44.000000 183.000000 0.000039
75.000000 348.000000 90.000315
405.000000 315.000000 0.000238
320.000000 96.000000 60.000082
85.000000 447.000000 50.000024
391.000000 313.000000 40.000474
303.000000 506.000000 29.999976
346.000000 147.000000 110.000432
203.000000 323.000000 120.000169
185.000000 502.000000 90.000110
135.000000 94.000000 100.000385
385.000000 326.000000 99.999934
388.000000 474.000000 39.999867
43.000000 221.000000 70.000067
415.000000 267.000000 79.999572
401.000000 300.000000 80.000252
54.000000 190.000000 79.999547
388.000000 414.000000 49.999501
400.000000 435.000000 29.999929
179.000000 325.000000 149.999681
390.000000 475.000000 20.000480
210.000000 329.000000 110.000432
124.000000 264.000000 149.999656
380.000000 357.000000 110.000447
35.000000 221.000000 0.000130
422.000000 256.000000 -0.000478
297.000000 502.000000 100.000074
387.000000 404.000000 40.000484
121.000000 142.000000 129.999588
363.000000 488.000000 49.999644
81.000000 441.000000 -0.000224
310.000000 125.000000 110.000381
202.000000 330.000000 129.999580
154.000000 79.000000 90.000488
349.000000 281.000000 139.999939
266.000000 452.000000 139.999876
419.000000 273.000000 60.000253
60.000000 291.000000 90.000373
53.000000 160.000000 30.000462
401.000000 327.000000 29.999868
388.000000 333.000000 90.000054
409.000000 393.000000 39.999876
329.000000 501.000000 19.999774
66.000000 203.000000 99.999570
84.000000 101.000000 0.000252
378.000000 372.000000 110.000496
177.000000 378.000000 160.000055
378.000000 208.000000 120.000080
39.000000 260.000000 49.999598
113.000000 439.000000 90.000322
386.000000 404.000000 50.000352
88.000000 335.000000 110.000457
408.000000 239.000000 80.000309
385.000000 339.000000 79.999563
65.000000 359.000000 -0.000186
388.000000 339.000000 70.000118
194.000000 479.000000 130.000054
205.000000 359.000000 150.000249
308.000000 366.000000 149.999771
411.000000 305.000000 9.999644
336.000000 473.000000 90.000141
107.000000 380.000000 100.000196
413.000000 210.000000 69.999762
417.000000 191.000000 9.999593
422.000000 243.000000 30.000485
290.000000 76.000000 39.999602
387.000000 321.000000 99.999700
107.000000 439.000000 79.999777
240.000000 254.000000 160.000437
422.000000 265.000000 9.999794
49.000000 243.000000 79.999624
396.000000 392.000000 29.999964
69.000000 389.000000 9.999977
393.000000 327.000000 79.999595
383.000000 337.000000 90.000313
124.000000 155.000000 139.999884
390.000000 328.000000 89.999610
388.000000 310.000000 109.999974
401.000000 437.000000 20.000420
181.000000 305.000000 149.999817
122.000000 121.000000 119.999998
81.000000 441.000000 20.000065
107.000000 303.000000 129.999801
51.000000 295.000000 60.000192
97.000000 458.000000 70.000150
112.000000 293.000000 140.000309
392.000000 147.000000 29.999844
395.000000 458.000000 -0.000345
396.000000 471.000000 20.000089
205.000000 445.000000 139.999722
392.000000 425.000000 49.999927
407.000000 291.000000 60.000455
364.000000 329.000000 109.999573
334.000000 449.000000 110.000287
377.000000 296.000000 129.999513
202.000000 396.000000 149.999929
68.000000 386.000000 19.999990
376.000000 332.000000 89.999690
442.000000 399.000000 20.000326
388.000000 295.000000 120.000295
387.000000 341.000000 50.000408
112.000000 81.000000 49.999621
410.000000 386.000000 50.000226
59.000000 311.000000 80.000359
330.000000 499.000000 80.000308
199.000000 332.000000 110.000351
202.000000 332.000000 140.000116
38.000000 196.000000 30.000366
206.000000 407.000000 150.000108
385.000000 458.000000 39.999801
178.000000 370.000000 150.000203
74.000000 419.000000 10.000074
417.000000 405.000000 29.999702
47.000000 272.000000 69.999870
164.000000 373.000000 160.000203
408.000000 409.000000 29.999548
376.000000 335.000000 99.999615
399.000000 396.000000 19.999683
334.000000 491.000000 79.999633
379.000000 478.000000 -0.000167
303.000000 471.000000 120.000457
291.000000 478.000000 120.000436
400.000000 433.000000 0.000031
90.000000 450.000000 59.999865
319.000000 291.000000 150.000192
33.000000 256.000000 20.000497
445.000000 393.000000 10.000151
341.000000 497.000000 69.999978
390.000000 240.000000 110.000036
276.000000 69.000000 19.999504
173.000000 57.000000 40.000059
209.000000 359.000000 139.999774
387.000000 392.000000 20.000481
318.000000 503.000000 89.999523
378.000000 478.000000 39.999991
84.000000 285.000000 119.999551
337.000000 335.000000 140.000134
117.000000 372.000000 109.999629
359.000000 458.000000 79.999820
146.000000 67.000000 60.000076
377.000000 406.000000 90.000477
381.000000 316.000000 109.999684
48.000000 183.000000 60.000220
302.000000 452.000000 130.000413
138.000000 100.000000 109.999758
268.000000 511.000000 20.000319
210.000000 324.000000 109.999505
331.000000 180.000000 139.999527
354.000000 422.000000 109.999787
287.000000 509.000000 80.000157
217.000000 437.000000 139.999915
348.000000 294.000000 139.999826
145.000000 109.000000 119.999748
86.000000 413.000000 69.999800
407.000000 365.000000 39.999844
393.000000 458.000000 29.999694
180.000000 409.000000 139.999597
79.000000 429.000000 0.000369
385.000000 468.000000 50.000300
167.000000 68.000000 70.000425
424.000000 392.000000 40.000496
334.000000 328.000000 139.999843
88.000000 115.000000 79.999614
185.000000 284.000000 160.000326
178.000000 122.000000 140.000324
96.000000 434.000000 69.999906
138.000000 390.000000 119.999927
379.000000 449.000000 60.000479
383.000000 360.000000 100.000229
394.000000 447.000000 40.000372
429.000000 374.000000 0.000267
250.000000 447.000000 140.000291
374.000000 395.000000 99.999977
421.000000 400.000000 29.999804
173.000000 498.000000 100.000223
112.000000 80.000000 29.999608
397.000000 307.000000 69.999990
94.000000 95.000000 30.000227
365.000000 214.000000 130.000457
69.000000 124.000000 -0.000140
214.000000 342.000000 129.999922
378.000000 324.000000 50.000407
170.000000 92.000000 110.000496
396.000000 206.000000 99.999936
385.000000 359.000000 89.999911
262.000000 483.000000 120.000212
73.000000 418.000000 0.000094
263.000000 117.000000 120.000412
392.000000 469.000000 40.000013
203.000000 340.000000 120.000411
206.000000 141.000000 149.999614
65.000000 250.000000 100.000372
408.000000 263.000000 89.999711
356.000000 326.000000 120.000249
390.000000 318.000000 90.000241
357.000000 369.000000 129.999641
200.000000 332.000000 149.999692
356.000000 314.000000 130.000478
206.000000 335.000000 150.000105
388.000000 349.000000 79.999724
422.000000 361.000000 29.999572
336.000000 384.000000 139.999898
371.000000 477.000000 49.999938
383.000000 332.000000 70.000333
358.000000 117.000000 49.999606
228.000000 511.000000 109.999685
391.000000 449.000000 50.000425
210.000000 331.000000 130.000294
414.000000 332.000000 10.000205
79.000000 429.000000 20.000389
425.000000 348.000000 19.999522
188.000000 500.000000 120.000132
414.000000 395.000000 19.999694
333.000000 502.000000 0.000474
163.000000 74.000000 80.000256
414.000000 352.000000 0.000273
396.000000 471.000000 29.999511
161.000000 113.000000 130.000121
38.000000 271.000000 0.000064
406.000000 390.000000 29.999509
255.000000 136.000000 140.000180
143.000000 362.000000 130.000256
205.000000 348.000000 149.999703
370.000000 484.000000 39.999679
361.000000 394.000000 119.999961
236.000000 511.000000 69.999764
161.000000 344.000000 150.000324
271.000000 99.000000 100.000087
347.000000 129.000000 90.000352
383.000000 473.000000 20.000348
418.000000 261.000000 69.999636
342.000000 477.000000 80.000249
240.000000 212.000000 159.999945
93.000000 387.000000 89.999525
214.000000 335.000000 130.000266
434.000000 365.000000 19.999711
377.000000 248.000000 120.000476
84.000000 227.000000 120.000431
391.000000 462.000000 39.999559
390.000000 473.000000 -0.000072
442.000000 378.000000 29.999932
357.000000 126.000000 69.999812
64.000000 143.000000 49.999661
339.000000 310.000000 139.999787
376.000000 446.000000 69.999556
421.000000 272.000000 29.999579
383.000000 398.000000 79.999947
377.000000 339.000000 90.000050
357.000000 461.000000 70.000494
381.000000 346.000000 99.999989
198.000000 335.000000 129.999550
383.000000 383.000000 89.999876
392.000000 395.000000 50.000489
385.000000 318.000000 50.000068
196.000000 506.000000 109.999506
183.000000 138.000000 150.000295
434.000000 396.000000 0.000059
38.000000 219.000000 50.000182
390.000000 284.000000 120.000395
365.000000 347.000000 129.999830
74.000000 118.000000 30.000426
207.000000 122.000000 140.000380
113.000000 116.000000 109.999784
416.000000 292.000000 30.000362
414.000000 279.000000 80.000030
441.000000 386.000000 0.000095
144.000000 337.000000 139.999525
386.000000 148.000000 60.000351
93.000000 409.000000 79.999575
170.000000 409.000000 129.999719
104.000000 348.000000 119.999514
377.000000 416.000000 80.000066
392.000000 410.000000 40.000224
322.000000 258.000000 150.000354
387.000000 142.000000 39.999842
378.000000 327.000000 109.999670
403.000000 268.000000 99.999822
219.000000 183.000000 160.000476
196.000000 361.000000 150.000187
436.000000 397.000000 30.000102
187.000000 334.000000 150.000416
361.000000 476.000000 60.000302
265.000000 462.000000 129.999811
357.000000 334.000000 129.999518
397.000000 317.000000 80.000196
201.000000 110.000000 129.999544
170.000000 292.000000 159.999874
376.000000 342.000000 110.000096
288.000000 382.000000 150.000470
385.000000 328.000000 40.000208
380.000000 263.000000 120.000184
279.000000 96.000000 90.000454
298.000000 508.000000 10.000017
391.000000 274.000000 119.999504
80.000000 121.000000 70.000114
414.000000 240.000000 70.000303
72.000000 385.000000 50.000489
312.000000 443.000000 129.999958
381.000000 307.000000 119.999893
147.000000 60.000000 29.999771
233.000000 512.000000 49.999755
129.000000 479.000000 69.999985
383.000000 474.000000 -0.000300
119.000000 474.000000 50.000440
162.000000 87.000000 99.999822
388.000000 320.000000 60.000475
208.000000 92.000000 110.000454
402.000000 441.000000 -0.000434
247.000000 61.000000 30.000254
60.000000 177.000000 89.999508
375.000000 338.000000 100.000112
388.000000 475.000000 30.000200
169.000000 361.000000 150.000305
73.000000 138.000000 69.999613
151.000000 130.000000 140.000243
292.000000 428.000000 139.999652
43.000000 288.000000 40.000209
411.000000 196.000000 69.999886
191.000000 440.000000 139.999870
188.000000 393.000000 150.000062
379.000000 331.000000 100.000426
421.000000 211.000000 10.000373
151.000000 489.000000 110.000018
214.000000 501.000000 120.000350
186.000000 475.000000 130.000205
119.000000 171.000000 139.999644
166.000000 495.000000 49.999638
94.000000 139.000000 110.000263
361.000000 113.000000 30.000475
287.000000 462.000000 129.999600
119.000000 472.000000 0.000324
336.000000 499.000000 59.999701
397.000000 309.000000 79.999503
396.000000 468.000000 9.999539
418.000000 219.000000 50.000021
188.000000 53.000000 9.999892
317.000000 484.000000 99.999771
87.000000 99.000000 9.999789
440.000000 400.000000 10.000026
77.000000 414.000000 50.000086
59.000000 334.000000 69.999692
389.000000 473.000000 10.000131
93.000000 364.000000 99.999586
191.000000 380.000000 140.000324
397.000000 463.000000 20.000440
314.000000 83.000000 -0.000144
404.000000 252.000000 89.999526
192.000000 55.000000 0.000057
37.000000 211.000000 39.999811
408.000000 337.000000 0.000463
386.000000 321.000000 50.000145
57.000000 307.000000 69.999726
399.000000 434.000000 9.999597
440.000000 394.000000 0.000167
194.000000 347.000000 139.999819
187.000000 359.000000 160.000408
82.000000 430.000000 30.000265
292.000000 510.000000 90.000293
179.000000 291.000000 160.000422
346.000000 484.000000 69.999785
433.000000 395.000000 19.999927
238.000000 463.000000 129.999988
431.000000 404.000000 10.000165
125.000000 346.000000 130.000258
364.000000 483.000000 50.000249
152.000000 60.000000 10.000471
412.000000 390.000000 50.000296
167.000000 492.000000 119.999873
162.000000 360.000000 140.000440
76.000000 394.000000 60.000355
404.000000 389.000000 0.000108
131.000000 68.000000 10.000393
79.000000 430.000000 9.999539
414.000000 282.000000 59.999976
171.000000 344.000000 160.000494
140.000000 307.000000 150.000051
371.000000 276.000000 130.000475
410.000000 320.000000 9.999772
399.000000 300.000000 60.000152
410.000000 275.000000 90.000213
178.000000 501.000000 69.999844
396.000000 463.000000 29.999717
270.000000 511.000000 0.000287
105.000000 365.000000 110.000111
36.000000 263.000000 29.999728
42.000000 269.000000 60.000204
152.000000 382.000000 129.999554
139.000000 124.000000 129.999830
178.000000 499.000000 9.999512
380.000000 329.000000 60.000364
195.000000 398.000000 149.999704
105.000000 138.000000 120.000289
130.000000 480.000000 19.999848
241.000000 504.000000 110.000227
249.000000 61.000000 0.000215
149.000000 63.000000 50.000394
435.000000 381.000000 19.999612
370.000000 120.000000 19.999582
395.000000 363.000000 50.000173
390.000000 455.000000 0.000083
345.000000 465.000000 89.999529
321.000000 451.000000 120.000069
232.000000 72.000000 69.999566
78.000000 441.000000 10.000433
411.000000 254.000000 79.999644
349.000000 104.000000 9.999972
40.000000 224.000000 59.999868
401.000000 417.000000 30.000379
55.000000 328.000000 60.000186
136.000000 66.000000 39.999869
387.000000 459.000000 19.999694
238.000000 120.000000 129.999648
380.000000 232.000000 119.999852
387.000000 336.000000 59.999680
386.000000 316.000000 100.000192
202.000000 323.000000 110.000169
421.000000 243.000000 39.999865
378.000000 477.000000 19.999946
403.000000 407.000000 0.000441
117.000000 473.000000 10.000461
388.000000 454.000000 40.000397
36.000000 209.000000 9.999788
344.000000 158.000000 120.000283
167.000000 319.000000 160.000206
80.000000 432.000000 39.999684
124.000000 318.000000 139.999804
379.000000 285.000000 130.000148
420.000000 205.000000 29.999982
364.000000 457.000000 60.000173
314.000000 319.000000 150.000372
271.000000 387.000000 149.999929
405.000000 324.000000 -0.000038
393.000000 305.000000 49.999780
380.000000 472.000000 50.000100
392.000000 455.000000 10.000360
430.000000 366.000000 30.000433
88.000000 433.000000 60.000203
400.000000 426.000000 20.000350
198.000000 506.000000 19.999553
369.000000 321.000000 109.999993
389.000000 376.000000 70.000300
447.000000 391.000000 19.999590
78.000000 255.000000 120.000420
201.000000 310.000000 150.000380
385.000000 330.000000 99.999671
313.000000 506.000000 50.000090
398.000000 286.000000 110.000315
366.000000 325.000000 119.999806
431.000000 389.000000 39.999680
71.000000 122.000000 9.999706
416.000000 393.000000 -0.000388
339.000000 98.000000 40.000373
354.000000 120.000000 59.999789
163.000000 480.000000 119.999792
209.000000 78.000000 90.000471
340.000000 454.000000 100.000347
344.000000 120.000000 79.999566
34.000000 221.000000 20.000076
130.000000 440.000000 100.000378
367.000000 328.000000 100.000402
372.000000 485.000000 29.999664
35.000000 247.000000 -0.000266
230.000000 454.000000 130.000398
155.000000 314.000000 150.000438
386.000000 168.000000 89.999942
423.000000 398.000000 20.000409
252.000000 68.000000 49.999609
405.000000 314.000000 30.000086
78.000000 140.000000 90.000406
373.000000 453.000000 60.000142
159.000000 328.000000 150.000142
74.000000 417.000000 30.000409
330.000000 91.000000 20.000081
388.000000 332.000000 80.000109
385.000000 328.000000 60.000013
174.000000 447.000000 130.000073
316.000000 226.000000 149.999931
393.000000 453.000000 30.000415
361.000000 321.000000 119.999624
376.000000 465.000000 60.000467
366.000000 448.000000 79.999941
58.000000 346.000000 50.000010
391.000000 384.000000 50.000228
162.000000 396.000000 129.999672
425.000000 378.000000 40.000076
421.000000 278.000000 -0.000240
179.000000 381.000000 150.000273
355.000000 483.000000 60.000125
82.000000 442.000000 29.999998
83.000000 108.000000 50.000310
407.000000 175.000000 49.999596
74.000000 418.000000 19.999690
132.000000 415.000000 109.999606
327.000000 489.000000 90.000109
408.000000 211.000000 79.999683
416.000000 201.000000 50.000427
69.000000 380.000000 40.000280
235.000000 151.000000 150.000472
369.000000 307.000000 130.000229
396.000000 164.000000 70.000265
308.000000 338.000000 149.999970
175.000000 330.000000 159.999778
150.000000 349.000000 139.999937
421.000000 219.000000 -0.000068
444.000000 384.000000 9.999661
407.000000 335.000000 29.999975
123.000000 480.000000 90.000020
388.000000 207.000000 110.000124
190.000000 372.000000 140.000446
127.000000 482.000000 30.000090
276.000000 476.000000 120.000370
413.000000 289.000000 49.999591
240.000000 510.000000 30.000054
410.000000 316.000000 20.000107
354.000000 109.000000 -0.000420
56.000000 226.000000 90.000305
55.000000 346.000000 20.000297
373.000000 329.000000 109.999831
421.000000 269.000000 20.000125
417.000000 194.000000 -0.000244
377.000000 477.000000 10.000096
311.000000 136.000000 120.000023
355.000000 326.000000 130.000433
84.000000 110.000000 60.000454
202.000000 506.000000 80.000296
398.000000 392.000000 0.000118
261.000000 501.000000 110.000266
386.000000 140.000000 10.000112
75.000000 210.000000 110.000483
418.000000 392.000000 39.999772
47.000000 172.000000 39.999530
201.000000 61.000000 50.000348
174.000000 426.000000 129.999769
406.000000 287.000000 89.999588
406.000000 294.000000 50.000482
178.000000 464.000000 129.999690
379.000000 481.000000 0.000359
66.000000 135.000000 40.000472
439.000000 380.000000 -0.000057
410.000000 300.000000 0.000483
400.000000 198.000000 90.000463
396.000000 305.000000 99.999628
112.000000 327.000000 129.999537
400.000000 351.000000 39.999731
285.000000 445.000000 140.000481
194.000000 345.000000 120.000109
395.000000 373.000000 49.999714
417.000000 277.000000 69.999982
220.000000 511.000000 100.000036
368.000000 181.000000 119.999800
330.000000 162.000000 130.000194
355.000000 188.000000 130.000376
158.000000 58.000000 20.000298
402.000000 419.000000 0.000043
389.000000 147.000000 50.000103
77.000000 161.000000 99.999915
99.000000 98.000000 69.999881
383.000000 472.000000 10.000356
123.000000 366.000000 120.000131
109.000000 78.000000 -0.000493
441.000000 394.000000 29.999848
118.000000 405.000000 100.000021
148.000000 454.000000 109.999506
416.000000 405.000000 10.000422
214.000000 331.000000 120.000073
377.000000 481.000000 9.999558
381.000000 413.000000 59.999620
400.000000 448.000000 30.000243
185.000000 358.000000 149.999663
194.000000 362.000000 139.999629
184.000000 183.000000 160.000453
391.000000 348.000000 50.000085
378.000000 477.000000 30.000336
314.000000 349.000000 150.000272
159.000000 302.000000 150.000093
70.000000 396.000000 29.999689
186.000000 428.000000 140.000092
384.000000 460.000000 50.000420
240.000000 438.000000 139.999721
384.000000 426.000000 59.999785
396.000000 389.000000 50.000117
210.000000 348.000000 139.999537
46.000000 171.000000 9.999837
173.000000 498.000000 30.000387
