392.535 459.043
306.192 522.234
131.218 39.186
382.073 458.527
380.719 233.669
239.456 461.337
308.652 18.5047
393.845 278.58
149.843 585.491
54.8396 456.922
437.187 512.871
443.834 385.688
354.441 555.147
101.14 280.966
54.3163 488.324
272.805 451.389
179.019 12.4721
424.246 269.922
134.152 498.605
67.3633 464.269
263.269 9.19823
379.591 225.547
271.494 526.456
97.5634 134.309
272.26 472.244
261.652 342.264
13.8335 292.103
317.192 161.337
408.886 99.8138
192.727 129.01
495.897 366.559
116.507 479.855
484.906 441.776
232.931 457.835
415.276 291.713
229.656 479.204
119.254 51.3163
198.698 567.902
437.461 477.37
191.891 563.717
216.722 538.882
358.722 159.104
101.057 366.246
377.762 173.644
269.187 365.608
129.319 178.59
126.529 559.518
45.8345 481.123
253.668 146.581
279.678 22.829
386.932 464.049
260.783 527.598
257.397 95.4671
187.92 569.636
105.986 539.593
223.897 535.454
328.956 544.521
326.452 502.459
58.3204 112.148
223.967 522.492
168.584 581.57
399.673 469.398
95.7617 259.616
108.005 136.423
236.808 341.781
112.555 57.8398
140.642 83.6709
95.1616 388.791
343.238 430.086
299.728 454.54
123.562 568.867
461.027 336.948
302.073 498.521
247.391 497.797
43.2589 407.216
411.181 226.293
117.685 229.078
263.641 242.377
231.439 239.822
79.2069 95.0644
126.13 41.8741
77.5995 402.443
71.5819 489.89
48.092 402.495
106.402 187.404
232.634 50.84
244.176 324.565
251.466 321.571
108.521 389.755
482.588 332.763
261.137 112.314
93.6558 398.612
412.456 539.791
245.607 532.316
387.208 239.911
245.276 46.9279
205.222 481.423
97.332 490.095
95.6115 278.141
368.332 175.978
303.22 18.4568
392.533 84.7243
181.87 509.105
210.068 533.065
170.465 426.257
108.47 384.628
366.967 158.061
333.892 543.401
168.382 574.493
123.03 513.959
342.285 488.119
179.319 388.113
156.165 439.569
299.272 165.779
208.689 593.809
257.517 516.327
95.2142 205.123
213.2 91.6259
70.1585 449.524
219.772 143.854
399.665 203.423
251.47 212.417
23.3857 164.048
151.539 518.181
436.092 249.174
264.42 580.873
248.603 146.456
96.205 199.286
30.3968 188.044
251.905 507.792
339.44 380.47
251.049 201.8
307.298 173.853
335.811 484.163
191.562 583.215
215.278 485.56
461.96 450.236
37.0375 411.281
357.465 403.172
302.728 178.07
268.506 82.4607
221.305 204.345
317.148 164.768
465.677 211.96
293.852 460.014
3.35681 311.657
388.137 335.988
437.921 385.347
422.314 153.219
112.66 326.106
145.96 49.9743
445.362 240.628
261.654 497.969
229.673 42.4209
502.5 355.135
236.963 150.795
30.6635 451.002
142.296 46.2133
393.432 326.628
353.737 155.984
326.69 415.228
217.644 112.524
223.402 91.5073
415.548 505.771
287.835 495.139
420.691 519.232
314.334 464.467
458.075 374.035
345.372 39.475
259.43 43.4347
376.972 207.079
222.797 515.108
446.798 125.018
312.101 506.289
196.495 62.2713
58.1625 143.488
136.525 40.7102
190.428 481.531
483.874 261.263
295.941 99.959
207.506 90.4648
404.4 289.191
37.9562 287.609
382.487 564.417
74.347 143.058
23.5085 171.363
37.5019 294.951
374.189 50.042
202.391 468.284
108.716 317.354
395.606 170.314
95.8523 372.196
183.371 487.058
168.979 379.487
348.911 374.883
328.021 566.102
50.947 407.658
463.393 372.923
473.851 257.5
372.829 210.223
397.731 81.6276
159.318 52.4096
273.244 50.5776
357.414 425.939
399.82 512.651
463.166 164.212
241.663 73.7342
448.657 191.435
103.296 481.727
402.127 271.158
335.408 420.131
117.19 191.32
218.585 533.342
105.357 335.616
111.722 477.773
288.889 123.256
206.945 59.1526
222.253 436.273
61.6494 399.21
261.402 221.759
393.773 219.055
304.514 513.996
375.58 160.034
195.059 95.7258
244.793 517.359
45.544 123.325
270.744 39.6952
220.705 542.95
436.429 247.237
252.157 95.8337
100.506 327.381
62.4978 488.569
213.882 454.387
222.623 246.795
17.3978 380.482
240.574 465.355
288.969 380.803
91.7824 136.422
399.451 297.524
114.679 146.282
413.005 84.4382
391.563 236.805
270.126 49.8645
198.206 588.436
396.084 505.571
397.204 275.695
428.174 181.741
236.384 567.636
18.5405 343.711
245.067 87.0279
107.418 146.515
453.625 471.842
470.458 178.152
84.5274 283.118
264.841 458.853
229.232 537.603
133.273 552.369
235.685 449.201
226.038 482.79
260.13 86.9924
12.9559 396.752
123.275 61.3349
176.622 482.758
207.111 115.882
43.479 136.918
299.34 461.16
350.701 552.773
463.987 392.842
147.694 512.399
167.86 568.321
213.294 90.6419
354.348 151.382
186.773 395.659
249.508 438.156
407.03 229.41
42.9543 298.501
12.0766 367.926
181.883 505.329
103.798 54.8464
266.784 35.7159
106.877 262.618
348.343 433.513
251.28 106.981
148.504 411.108
33.7333 442.909
244.545 212.275
423.861 225.692
268.683 409.253
193.78 551.65
264.564 531.206
100.113 187.523
488.992 264.903
412.931 221.563
261.615 240.092
395.539 509.809
117.405 218.848
81.7495 146.404
435.035 381.083
176.495 166.681
291.644 577.716
207.927 188.84
199.667 530.311
406.889 74.2227
138.342 76.3386
304.304 458.407
294.071 500.661
188.003 96.6039
377.924 230.819
245.088 555.652
79.8083 108.438
492.747 412.955
357.572 433.196
449.318 183.513
95.6017 539.779
285.646 501.695
52.204 179.534
237.549 61.8195
236.444 351.433
385.228 193.166
181.973 390.515
155.935 54.6503
200.818 59.5106
177.02 420.682
227.934 473.399
337.67 373.463
198.172 500.055
195.244 91.2594
7.4054 335.218
0 0
91.6574 305.152
261.298 483.272
234.782 385.097
93.3827 187.571
200.232 494.991
31.6359 283.43
76.2702 521.553
255.927 26.7365
123.505 334.357
470.603 170.075
385.41 55.1188
424.571 525.02
100.941 539.454
141.319 508.649
439.436 479.872
244.798 441.073
232.376 217.95
209.79 488.316
324.513 497.834
102.715 136.55
286.58 577.513
392.36 538.864
251.402 112.56
289.095 374.379
426.447 157.264
262.439 95.2887
459.466 160.167
35.7779 438.677
390.013 316.986
148.925 430.504
30.628 405.508
449.092 388.502
215.317 237.527
287.929 526.406
244.359 407.731
195.257 481.706
159.741 583.458
455.307 235.529
396.507 301.574
329.997 418.988
111.268 337.177
197.573 572.72
422.033 243.663
481.256 216.806
362.449 46.1988
502.557 362.827
244.601 271.122
438.915 157.477
244.373 65.9133
357.491 397.24
148.922 529.058
398.574 535.612
307.088 571.926
89.8008 280.807
258.338 32.3163
272.554 91.2116
238.969 80.3682
87.0758 246.855
244.355 53.4997
196.992 525.54
434.978 150.723
226.409 446.684
37.7039 184.3
248.715 275.267
410.227 515.419
192.091 8.37331
416.886 288.838
276.538 526.524
285.803 532.716
335.57 386.677
106.052 281.742
457.549 191.519
109.08 304.503
229.282 91.2752
282.79 27.3451
227.523 208.774
81.7362 297.771
600 600
208.711 86.6621
87.4167 98.1407
15.486 375.084
385.197 455.099
405.309 219.417
120.886 188.457
461.218 252.225
308.929 485.641
97.1897 323.083
325.377 400.823
417.809 229.897
276.046 239.237
231.699 570.237
479.148 287.758
122.335 222.448
382.701 221.611
491.401 333.498
492.552 305.424
139.661 502.41
492.267 300.48
223.488 378.221
108.391 311.467
135.697 68.8074
339.226 39.4867
486.711 329.051
92.5251 291.958
57.4853 178.789
191.486 496.492
484.938 370.901
466.781 205.052
480.524 446.738
244.511 206.23
290.621 30.1916
162.272 573.758
379.179 498.594
337.408 425.314
83.7678 74.9433
109.836 488.496
115.682 484.704
20.7139 291.026
251.488 214.213
198.632 483.819
85.2865 68.2307
113.027 73.7006
261.535 560.394
336.62 492.125
473.472 377.41
427.686 150.156
225.454 240.965
89.3464 315.414
436.837 110.482
311.35 475.913
311.35 512.808
115.609 137.02
240.294 548.256
243.445 469.482
184.821 585.972
417.449 255.777
139.321 550.08
450.615 246.018
389.776 531.974
418.247 221.451
376.934 167.404
278.304 584.503
92.975 491.216
422.283 474.007
27.1171 445.426
197.096 180.468
236.692 106.118
421.49 280.416
460.93 382.409
409.998 295.703
496.762 381.289
35.7343 274.281
277.662 116.592
245.005 228.285
377.682 227.824
28.7931 147.107
74.49 287.476
434.946 126.323
97.9849 236.613
484.721 280.839
409.513 246.965
337.943 546.928
458.29 398.127
383.56 336.651
245.742 254.822
322.174 396.378
262.078 33.7039
111.585 263.331
421.707 383.502
291.594 91.1366
187.721 400.128
395.984 61.3673
215.158 64.3158
358.018 406.066
244.859 202.143
422.509 98.0577
200.944 117.279
483.705 377.662
122.348 224.559
391.169 55.9364
483.678 291.39
262.358 141.177
279.518 95.3907
497.942 386.915
264.452 434.195
37.05 405.5
70.8806 283.992
331.735 500.418
121.292 46.4064
0 600
281.706 526.54
496.443 392.346
264.734 413.397
246.743 330.197
144.321 540.655
119.296 518.904
256.361 523.492
183.454 392.55
396.161 262.615
24.6165 386.115
251.453 222.43
456.224 131.544
394.058 530.397
244.515 420.347
230.424 33.2197
84.8554 488.538
231.419 53.0986
401.296 292.855
491.063 366.656
232.664 545.885
384.326 97.523
415.376 240.123
444.101 183.479
388.236 498.786
293.915 171.765
133.086 80.138
488.968 430.372
387.598 87.3408
254.982 87.6904
227.204 149.768
33.13 139.039
272.301 400.508
222.228 589.151
102.318 291.521
479.549 281.572
329.042 388.452
156.411 378.355
357.448 388.142
240.726 564.369
237.704 540.175
233.538 116.903
261.543 227.063
438.351 128.959
44.3075 476.595
374.565 191.584
254.483 46.3693
129.079 191.982
67.9989 146.427
380.052 96.1827
6.74141 307.278
250.547 258.508
293.574 24.5768
304.518 508.273
409.009 276.624
115.937 534.787
438.882 377.558
420.514 510.431
100.117 377.192
70.2458 402.714
224.182 128.859
409.121 302.408
117.616 331.298
472.641 341.13
31.2372 411.324
274.83 535.307
112.921 300.251
431.353 381.204
271.873 226.851
424.67 239.052
268.68 396.744
189.794 459.824
3.52994 318.609
146.373 535.774
89.1433 456.833
315.661 485.188
76.6879 106.005
244.209 259.427
360.524 419.052
23.6156 181.59
410.065 241.506
404.384 193.84
41.9131 402.668
37.6896 456.932
108.994 230.195
377.482 327.763
95.4272 255.031
266.593 8.91421
70.0156 510.263
99.7572 398.475
112.404 63.9957
452.799 126.36
72.6605 514.781
188.605 92.0498
50.2837 485.315
162.31 579.123
294.464 449.125
251.925 520.616
226.246 112.511
89.2376 232.097
497.56 339.501
226.091 580.305
328.661 558.453
468.681 166.905
392.082 229.921
386.425 277.968
245.397 489.598
16.7955 426.699
101.783 266.451
144.039 546.152
22.5061 405.569
172.285 16.8309
403.039 515.474
314.84 159.614
404.841 471.794
110.105 212.708
266.572 133.263
414.368 481.505
76.4427 464.654
96.6525 450.136
236.992 526.457
151.422 400.126
389.857 509.436
212.394 533.246
319.552 464.503
148.599 405.011
317.034 573.551
189.155 468.56
442.284 249.423
155.1 27.3171
57.2919 402.464
320.302 498.579
244.499 425.867
196.318 468.494
402.391 505.523
275.459 487.591
82.281 404.733
457.131 453.88
123.363 563.539
237.005 404.588
273.685 80.1625
295.022 499.194
157.746 21.2753
324.133 30.0394
251.305 546.769
108.327 372.652
424.451 276.161
265.234 388.419
305.38 467.447
187.362 122.599
416.764 101.548
389.851 93.1741
32.5715 455.858
103.67 488.369
23.1789 382.89
492.564 320.625
294.84 18.6222
474.775 366.376
201.289 522.213
431.287 385.783
201.047 182.061
108.961 55.3985
361.861 153.583
370.827 104.709
204.731 531.618
244.624 434.445
253.597 116.733
390.91 559.713
187.107 500.283
80.455 462.428
491.883 324.19
265.002 131.606
477.21 332.382
115.301 212.946
415.706 96.078
281.209 381.611
276.394 234.675
492.338 426.399
184.062 467.614
421.645 88.7146
272.979 467.265
353.041 437.735
451.287 490.106
228.601 516.604
107.05 219.172
375.758 564.412
174.171 387.057
236.253 362.899
470.463 336.432
56.2267 405.921
123.246 574.971
216.595 86.4598
62.1655 146.445
261.108 531.563
151.673 387.992
383.387 509.319
21.1089 416.636
457.997 137.928
90.0894 401.724
420.879 236.227
208.853 182.128
296.904 575.656
471.312 212.746
218.308 91.4785
96.5015 211.765
207.295 526.703
213.8 62.4952
281.446 577.476
436.608 256.085
368.875 165.509
188.541 509.473
427.129 219.161
236.586 101.183
309.888 498.517
122.186 178.643
26.9193 346.872
200.32 71.4457
247.459 512.528
250.004 225.288
77.0688 529.977
82.7556 242.688
328.412 552.583
257.53 264.14
396.779 89.2324
401.376 477.34
3.97528 331.007
97.3423 485.124
3.38183 324.796
50.4052 293.468
128.008 553.718
200.889 96.6448
293.158 455.906
276.495 495.659
448.326 157.485
463.351 191.326
287.086 486.101
380.845 324.659
264.904 587.504
454.371 377.394
85.5281 459.953
454.325 183.57
130.767 579.064
230.362 137.355
211.075 443.962
464.307 207.707
437.614 242.943
301.729 568.829
444.732 454.863
186.769 8.65601
24.1083 159.004
395.295 213.599
134.495 181.167
155.455 382.617
327.863 34.1987
446.785 474.474
379.137 50.7462
249.083 500.35
234.148 54.4544
281.904 128.979
269.257 446.151
236.703 389.976
401.234 77.5278
214.331 481.326
114.203 181.002
280.677 535.47
93.1001 453.754
196.002 578.949
280.842 87.1207
106.997 291.882
424.161 531.182
427.303 485.598
54.0005 136.088
272.986 230.941
212.407 185.648
395.751 235.232
112.402 320.465
353.791 383.345
261.433 477.642
272.721 133.549
203.481 489.446
216.258 440.805
75.0856 178.874
84.3272 449.414
218.997 15.5688
492.501 312.815
393.287 179.023
225.135 202.361
392.386 186.205
360.446 410.248
287.257 87.7566
233.104 400.673
66.236 175.711
385.554 265.608
53.3534 402.596
243.469 339.613
385.126 197.164
119.72 57.5146
187.122 575.094
317.106 505.385
251.403 329.458
471.286 449.359
95.8591 229.181
492.509 420.506
460.348 232.087
109.643 184.237
389.793 210.583
410.394 505.49
440.846 113.854
276.239 44.156
114.273 343.494
379.701 102.354
209.1 71.5343
51.9515 139.881
257.54 504.595
404.661 307.148
120.614 71.2526
242.969 406.025
159.673 45.0062
73.1346 116.848
356.758 438.506
409.461 473.75
216.485 453.422
243.275 146.535
255.75 532.537
263.419 125.841
183.826 554.832
252.904 267.444
212.011 191.75
332.832 496.393
263.499 146.04
42.6102 274.75
257.26 137.617
148.47 425.988
93.5539 447.167
432.453 221.107
27.2817 154.331
264.661 441.596
197.374 8.69988
64.7564 112.863
483.198 336.545
31.1855 436.379
240.555 67.4757
279.722 500.525
270.918 242.33
275.234 367.21
87.7221 494.674
196.51 504.298
246.593 319.176
128.286 72.8404
396.684 547.023
186.946 410.068
433.674 195.075
115.916 271.902
192.118 169.233
369.289 190.548
265.345 474.406
429.587 121.478
265.605 526.971
265.601 46.6355
293.086 527.558
272.377 589.061
276.426 49.9995
183.74 461.834
164.64 435.428
372.747 183.659
476.575 447.597
454.099 157.485
10.4352 298.321
103.886 329.799
501.176 366.124
452.674 465.333
84.0065 86.8592
251.763 334.915
418.331 260.664
84.8511 110.341
393.718 205.038
183.201 163.393
264.36 392.273
216.568 133.304
85.3273 233.368
324.256 573.647
108.279 396.46
325.26 464.714
387.316 262.663
327.656 493.638
479.299 257.65
408.458 274.883
116.581 307.4
86.578 92.4493
466.401 257.264
468.714 380.918
215.9 231.213
215.583 476.423
49.5972 469.047
218.711 374.765
396.253 554.856
103.478 197.839
244.505 484.882
478.552 337.469
62.9057 467.165
470.616 286.506
314.884 522.563
95.9259 383.671
302.075 484.493
91.7522 367.472
184.848 550.584
13.2014 343.604
466.283 343.625
157.844 588.953
441.23 116.921
417.328 249.67
350.394 39.4798
324.999 475.986
303.369 568.666
244.557 72.224
311.643 573.536
187.313 164.66
104.709 368.61
251.544 207.262
251.549 539.848
189.55 180.274
337.174 382.83
273.35 386.234
271.821 12.3255
188.28 559.159
80.1052 118.65
79.0684 291.839
277.671 133.187
83.0691 394.387
198.072 557.842
320.011 25.7603
228.593 440.303
429.113 262.494
292.507 531.926
21.111 355.062
385.431 273.055
401.251 229.435
459.879 343.261
445.466 146.584
100.748 146.475
152.915 39.1808
148.531 417.691
76.7754 449.543
377.343 502.981
131.62 187.052
287.495 95.5885
394.15 543.213
219.833 217.019
264.495 424.504
7.56158 301.427
228.513 543.435
41.5228 460.351
429.37 103.7
261.394 573.735
446.762 377.536
422.673 121.943
21.1087 431.406
241.117 445.073
235.856 519.006
264.319 345.405
222.021 469.197
280.681 485.349
232.521 236.29
223.819 19.8304
486.196 272.134
472.335 235.48
406.599 481.224
27.5818 281.044
292.812 180.044
41.013 290.901
112.802 283.322
460.61 388.347
256.629 337.717
31.3417 275.519
234.271 84.478
172.016 588.409
267.781 216.244
400.444 315.525
379.752 188.07
452.969 391.882
191.311 405.272
450.329 449.359
236.574 356.708
152.908 438.923
230.992 366.851
7.94852 342.614
166.394 429.08
113.939 477.576
261.495 232.132
256.115 511.2
63.7606 282.452
253.951 125.383
112.53 448.211
487.96 295.618
319.971 481.027
502.567 348.227
210.58 133.445
241.02 263.414
95.2853 146.486
298.252 178.862
119.827 528.476
403.625 177.737
435.589 260.977
262.142 213.634
239.985 111.117
212.936 12.7315
272.308 405.479
296.339 93.0008
343.882 372.095
200.459 563.083
122.928 342.926
264.455 352.453
110.272 443.197
75.7637 146.399
264.567 355.56
72.3225 96.9762
415.518 518.062
396.354 309.564
395.608 197.49
80.6872 498.683
464.609 449.548
422.2 481.586
215.708 592.414
80.0101 80.4976
325.41 392.538
382.826 166.112
90.6985 536.719
304.537 519.389
16.5467 421.758
65.2175 504.527
269.92 532.687
165.411 18.3963
93.4262 59.4297
17.3681 388.856
236.095 92.3325
311.157 470.709
462.441 183.301
127.341 509.237
243.007 531.871
401.545 254.489
25.8862 414.681
453.365 145.351
447.462 484.848
264.785 455.097
289.245 448.863
224.455 214.502
86.4997 299.257
151.21 32.0663
109.379 269.331
76.2361 389.949
407.876 84.4609
310.395 158.371
404.673 280.63
204.003 12.028
417.938 128.322
66.1237 139.761
87.3165 311.937
142.862 584.142
226.269 85.8891
372.84 213.699
479.514 366.91
502.214 341.96
66.148 452.76
433.595 157.524
405.269 69.5003
29.2661 293.778
388.942 454.359
250.26 19.5626
38.9167 137.653
281.59 373.163
103.394 448.306
325.562 471.818
211.077 112.534
301.659 160.282
167.452 374.072
190.931 491.531
162.002 373.477
456.856 247.922
470.237 192.388
481.595 224.447
52.2235 300.686
430.964 225.188
183.261 414.026
86.9373 116.089
431.553 188.295
421.915 186.322
223.966 485.182
219.478 223.011
422.852 129.512
62.3374 405.643
428.197 129.677
60.1096 454.648
253.996 550.346
440.671 510.142
188.93 119.262
177.96 163.918
176.743 172.513
442.131 195.631
370.293 46.6386
202.102 178.352
208.903 462.457
355.681 39.5605
244.546 414.112
392.833 313.124
69.0584 395.45
232.503 224.69
199.986 452.403
227.546 380.751
392.172 464.587
390.208 166.84
424.93 263.497
444.119 504.715
442.122 450.258
471.424 367.785
251.206 128.7
203.182 591.88
446.35 459.442
303.581 159.697
226.071 572.552
378.181 201.646
57.9954 468.475
475.754 215.11
227.712 452.951
228.256 25.5502
418.23 473.38
228.47 141.721
311.585 498.5
430.027 253.825
342.938 551.43
434.408 121.405
179.251 593.878
472.12 281.668
279.411 371.983
487.689 435.327
87.1161 146.467
403.822 188.304
12.8524 359.162
372.351 98.8031
111.842 295.719
264.45 418.182
195.301 121.484
86.0848 138.403
46.6668 181.121
85.1868 532.811
440.204 149.647
335.376 36.36
331.034 489.933
252.89 132.964
502.535 405.074
86.3462 187.237
426.822 518.614
261.083 553.491
241.763 216.477
477.794 232.276
230.67 148.1
150.147 54.0827
92.9714 219.108
219.372 227.384
278.971 14.8508
202.8 133.279
49.5734 460.579
181.505 177.552
49.6067 115.291
93.4487 319.394
218.822 519.62
426.795 256.948
110.769 539.085
311.375 168.533
105.998 398.387
23.4628 176.39
429.001 477.847
307.141 498.523
199.872 129.663
104.584 445.001
340.098 479.94
79.761 181.318
301.776 504.576
266.322 91.8011
221.673 453.595
402.124 84.6758
307.28 480.43
442.774 477.259
283.342 119.812
352.772 378.709
600 0
217.844 71.1228
325.547 405.995
447.147 499.233
46.6667 277.972
391.612 331.656
400.142 219.56
502.349 396.376
192.191 65.6433
219.949 200.009
481.267 230.971
151.538 391.188
196.655 171.622
261.489 567.488
264.502 114.865
403.121 64.2659
308.309 460.592
422.569 515.256
219.892 241.881
377.974 335.541
325.478 411.697
393.446 504.546
473.443 199.436
98.7627 54.8605
398.643 319.514
402.457 539.294
89.5058 394.414
388.756 322.621
84.9558 290.71
322.909 505.477
184.905 481.35
59.064 137.264
89.0276 63.8478
116.69 142.919
261.069 492.194
247.729 494.524
247.883 476.398
82.4686 142.372
110.629 191.679
434.266 180.34
229.93 213.581
69.6015 178.282
103.478 235.641
232.471 230.321
383.204 91.6945
420.031 84.731
106.061 449.619
79.0183 488.307
468.215 236.785
430.965 484.547
403.644 261.033
398.511 178.472
283.264 492.306
203.811 448.854
377.761 216.968
244.519 59.6483
128.12 502.424
361.2 559.357
236.273 396.419
55.8796 281.207
195.082 456.394
25.2791 436.371
48.4206 132.305
229.118 524.301
12.5904 400.582
71.5647 498.081
314.375 22.3499
96.5275 294.576
225.414 372.334
267.97 359.049
268.953 223.989
343.954 483.366
101.311 219.618
233.377 132.563
467.431 180.565
269.048 463.116
215.683 469.183
108.512 379.538
491.937 374.332
17.6396 405.048
137.875 580.828
151.232 524.291
257.576 488.11
255.66 14.0633
270.214 116.718
478.604 377.465
112.741 276.716
431.953 517.722
499.954 407.136
435.619 105.236
89.3244 485.892
128.517 66.561
367.519 560.394
239.855 221.127
105.142 305.625
399.6 187.723
409.005 252.493
378.003 162.202
201.812 86.7617
244.592 78.6593
317.924 518.692
450.808 237.568
439.415 180.789
418.224 537.155
278.475 381.759
95.5922 249.746
94.7463 243.358
247.517 200.493
362.964 159.895
246.991 100.313
401.612 173.073
