261.217 112.3
211.062 443.966
95.7593 259.609
460.967 382.378
463.979 392.845
226.277 112.518
426.859 256.915
205.133 481.436
151.226 32.2641
442.171 195.627
264.495 424.504
87.0952 246.865
396.061 505.568
457.55 191.515
393.165 179.106
187.082 575.353
186.819 395.724
244.64 434.507
442.762 477.285
353.801 383.379
383.529 336.65
384.126 97.6188
107.063 219.163
421.653 88.7082
451.129 489.781
268.683 409.253
106.189 449.646
191.317 405.257
243.002 406.032
109.061 230.167
199.968 452.421
128.1 502.47
356.766 438.494
202.069 178.327
401.544 254.49
415.52 518.069
408.988 276.665
203.775 448.878
233.127 23.3157
200.278 494.928
307.141 498.522
299.307 165.727
251.41 321.369
101.772 266.444
99.7568 398.475
407.055 229.404
337.634 373.555
151.251 524.247
251.417 329.463
103.247 481.742
86.4051 187.262
404.679 280.601
244.59 78.3642
259.372 43.427
431.904 517.752
247.706 494.395
415.34 291.659
197.067 525.499
492.353 426.398
215.358 237.697
215.088 64.4461
93.5326 447.176
232.52 236.32
231.005 366.846
225.462 240.963
220.459 13.4443
249.558 438.138
183.259 414.025
12.9038 396.848
243.257 146.539
303.571 159.698
116.677 142.913
442.244 249.433
25.2649 436.368
181.516 177.561
383.164 91.7195
328.651 558.468
360.442 410.209
492.551 305.421
51.0021 407.648
229.171 524.639
119.328 518.779
108.324 372.645
410.396 505.49
261.662 342.274
115.294 212.942
393.858 278.577
466.746 205.095
96.6761 449.933
432.412 221.049
80.2789 118.638
69.0086 395.487
244.988 228.294
10.5514 298.25
172.036 16.9715
181.854 509.091
276.394 234.677
156.007 54.6148
436.881 110.609
407.248 73.978
129.313 178.59
391.986 229.928
66.1374 452.777
122.356 222.469
386.946 464.06
227.54 380.75
348.889 374.857
329.976 418.976
378.003 162.214
237.5 61.842
111.761 477.761
438.823 377.577
225.943 580.573
165.3 18.3994
350.818 552.782
222.082 469.204
244.356 53.4742
480.471 446.785
116.587 307.409
80.7253 498.667
288.969 380.803
253.79 550.249
307.09 571.925
198.163 500.054
394.074 543.142
54.8003 456.939
252.89 267.443
6.85583 307.132
471.973 281.713
105.347 335.62
49.6094 460.572
24.0239 159.123
391.146 55.9278
357.994 406.029
600 600
343.648 372.017
263.417 125.831
454.391 377.4
502.353 396.378
467.473 180.538
314.325 464.468
481.234 231.062
262.351 141.171
79.6687 108.382
96.5138 294.581
72.6268 514.78
97.3338 490.103
103.49 197.833
435.551 260.983
293.189 455.941
147.7 512.41
399.582 187.696
285.631 501.647
397.201 275.697
122.214 178.639
468.204 236.774
200.256 71.4499
395.519 509.803
280.601 485.354
144.108 546.051
134.494 181.164
303.219 18.43
491.082 366.651
144.318 540.492
208.938 462.409
399.518 297.485
277.298 83.5984
17.5155 388.685
244.495 425.868
329.058 388.443
385.246 193.177
76.8069 106.224
394.063 530.401
31.3961 275.31
145.957 49.9751
388.925 454.36
95.5929 249.726
430.034 253.814
236.697 389.903
190.955 491.557
414.366 481.509
502.554 362.866
264.819 458.818
114.16 181.019
215.871 231.251
379.598 225.543
45.6063 123.137
431.313 381.483
200.662 59.5348
231.434 239.824
63.7422 282.445
181.878 505.341
367.053 158.11
156.199 439.56
256.056 26.8592
502.215 341.962
427.286 485.58
420.533 510.454
427.479 150.224
492.559 320.639
95.8526 372.199
377.742 216.942
197.665 572.768
460.579 388.267
281.218 381.61
26.9645 346.896
219.358 227.416
83.991 86.8471
117.636 331.317
95.9086 383.722
120.87 188.458
444.073 183.473
241.642 73.7455
213.597 62.3347
84.8021 110.266
392.55 84.709
387.631 87.3188
152.915 438.935
437.193 512.866
238.356 540.267
496.718 381.137
151.663 387.987
401.27 292.848
421.481 280.431
492.273 300.496
229.932 213.589
236.487 567.596
402.972 515.46
62.118 146.436
30.6664 451.04
298.256 178.861
402.44 539.323
304.544 519.434
55.8613 281.205
59.0571 137.265
159.602 44.7884
195.812 579.485
427.891 181.703
117.224 191.31
232.777 545.967
379.14 50.7334
309.888 498.517
464.588 449.552
266.586 133.265
446.666 125.037
388.203 498.77
426.054 382.586
27.5768 281.395
106.976 291.874
244.523 72.6402
244.688 517.456
85.3258 233.369
128.238 72.8241
299.716 454.523
291.546 91.1199
119.723 57.5482
428.822 477.823
191.888 563.786
35.7054 274.312
378.176 201.649
240.483 548.469
93.1404 453.775
146.409 535.755
375.674 160.053
248.604 146.456
422.183 481.579
283.283 492.264
32.5745 455.857
404.701 307.066
271.485 526.451
272.804 451.398
417.372 249.499
215.244 485.562
256.364 523.488
396.679 546.911
60.1401 454.631
116.016 534.689
398.576 535.606
149.755 585.341
293.836 460.022
245.21 555.358
221.69 453.591
272.302 400.509
314.362 22.3469
236.251 362.902
40.9314 290.828
138.37 76.3599
82.5755 142.335
389.784 210.711
148.531 417.691
207.366 526.81
66.1092 139.731
450.306 449.355
84.3085 449.416
435.001 150.704
148.925 529.017
237.042 404.608
80.0106 80.4508
279.758 500.551
446.353 459.437
404.375 193.848
188.517 92.1121
409.004 252.493
408.573 274.944
385.316 55.089
108.47 384.628
12.6111 400.61
227.213 149.768
189.774 459.831
418.135 537.217
210.58 133.443
251.451 222.451
486.179 272.181
348.356 433.521
179.36 593.874
76.7758 449.54
325.264 464.715
37.0741 405.494
350.394 39.4709
54.0013 136.102
69.5745 178.28
152.693 38.9684
261.619 240.113
123.287 61.3243
110.096 212.712
252.039 507.471
251.47 212.416
264.455 352.454
411.171 226.289
424.662 239.04
230.663 148.101
23.4604 176.391
234.249 84.4799
261.486 567.488
294.611 18.7343
479.275 257.641
251.303 107.049
214.338 481.319
77.0811 529.989
358.686 159.093
155.432 382.717
184.86 481.348
261.093 492.25
108.016 136.421
449.08 388.493
197.457 8.49515
79.1173 291.89
106.946 262.595
423.875 225.693
256.081 511.12
196.303 68.4333
437.682 477.392
339.462 380.449
76.2297 389.951
123.401 563.39
136.488 40.6811
217.731 375.052
112.516 448.191
465.632 211.932
450.569 246.038
162.508 579.27
322.982 505.462
218.395 533.278
249.029 500.486
502.522 405.136
96.213 199.283
265.55 527.003
484.936 370.897
291.763 577.714
244.671 271.34
187.905 569.664
377.482 327.763
446.795 474.46
395.581 197.505
70.9254 284.009
156.357 378.424
245.273 46.9325
89.0208 63.8546
250.001 225.289
236.575 356.711
178.976 12.5302
112.501 57.6738
79.7642 181.327
115.714 484.658
403.646 261.028
443.845 385.691
42.5632 274.718
89.1298 456.812
357.492 397.24
268.956 223.998
283.339 119.808
187.294 164.648
437.614 242.937
35.6768 438.62
265.363 474.398
311.157 470.708
457.155 453.88
491.928 324.136
106.436 187.392
140.652 83.6679
148.906 430.451
93.4296 59.4264
269.97 532.698
435.679 105.289
187.728 400.167
439.43 479.752
274.855 535.318
251.543 207.254
487.714 435.285
30.6279 405.51
415.389 240.116
452.957 391.87
74.4903 287.475
266.749 35.6999
228.001 473.515
81.7205 297.767
229.672 479.063
183.767 554.706
257.531 264.143
254.562 46.3586
276.227 44.1363
325.376 400.819
177.96 163.917
392.369 538.869
307.353 480.397
317.191 161.343
184.936 550.544
311.347 475.9
179.305 388.106
385.23 455.077
92.8117 219.066
296.33 92.9814
56.3271 405.882
458.089 374.026
287.968 526.412
212.846 91.7126
161.995 373.475
422.705 121.934
216.711 86.4868
245.116 538.789
161.871 574.089
287.29 87.7609
402.391 505.523
240.541 564.561
97.6013 134.302
82.2604 404.734
265.239 388.416
483.275 336.547
293.567 24.7702
388.755 322.62
126.598 559.416
222.899 589.033
484.869 441.821
67.2058 464.284
377.762 173.647
112.909 300.222
16.7737 426.65
471.468 367.756
139.662 502.405
248.795 275.219
357.418 425.907
85.6083 459.929
481.206 216.718
269.281 446.176
476.552 447.595
446.998 499.15
240.545 465.582
320.318 498.574
155.036 27.3574
228.573 516.588
311.615 573.533
137.962 580.86
479.259 287.782
292.542 531.903
436.431 247.216
328.414 552.576
319.984 25.7371
600 0
188.881 119.257
420.675 519.219
497.935 386.876
390.965 559.687
275.445 487.624
232.775 50.7712
196.522 62.2943
197.994 557.767
43.1009 407.244
91.6578 305.154
272.721 133.549
304.501 508.195
404.892 471.698
198.603 567.956
219.902 200.005
395.537 170.294
461.217 252.226
272.307 405.48
150.185 54.107
458.295 398.128
455.282 235.554
268.534 82.4481
433.593 157.519
200.955 117.271
164.658 435.409
257.393 95.4633
188.511 509.487
257.536 516.286
27.2562 154.532
299.305 461.134
271.88 226.859
335.421 420.139
261.038 553.428
159.768 583.395
207.071 115.915
270.192 49.9039
424.566 525.005
273.233 50.5739
499.948 407.134
192.085 65.5783
245.355 489.515
96.5957 212.089
277.651 116.595
236.812 341.775
128.511 66.6139
232.502 224.689
302.067 498.508
97.2663 485.157
83.1243 394.403
46.6774 181.122
434.969 126.296
479.459 366.883
61.5845 399.24
229.309 91.2941
111.6 263.366
241.1 445.095
287.507 95.5889
231.656 570.258
97.2053 323.097
226.053 482.806
383.367 509.31
43.3881 136.901
103.882 329.788
236.593 101.178
270.733 39.6863
470.7 286.562
195.272 121.49
20.8458 291.047
228.825 130.605
328.955 544.524
232.584 52.8808
311.585 498.502
263.649 242.377
264.662 441.597
278.234 584.643
387.336 262.661
466.425 257.273
0 600
52.5354 300.846
420.884 236.226
127.303 509.349
374.222 50.0593
142.79 584.164
244.991 86.9876
431.092 385.771
247.541 200.492
293.923 171.751
73.0351 116.829
436.6 256.106
252.807 132.866
243.503 469.464
361.947 153.621
446.762 377.531
466.342 343.629
170.462 426.257
463.385 191.335
402.121 271.163
325.546 405.994
302.726 178.071
188.286 559.165
92.5529 291.965
222.608 246.8
223.402 91.4581
108.997 304.485
84.8694 488.536
368.898 165.522
212.016 191.75
380.72 233.671
85.2828 532.85
222.254 436.271
108.513 379.537
33.1491 139.036
181.974 390.516
422.217 473.945
382.07 458.524
196.651 171.612
271.698 12.3003
409.985 295.72
376.973 207.08
276.044 239.242
290.765 30.1275
189.128 468.56
398.676 319.476
34.0161 442.785
17.3943 380.495
37.7101 456.942
431.07 225.156
391.545 236.817
71.442 489.914
198.561 483.82
229.302 537.567
478.606 377.46
463.185 164.222
167.455 374.074
456.211 131.506
58.0658 468.484
434.912 381.165
502.567 348.223
286.583 577.485
240.002 111.086
416.88 288.838
103.384 448.323
326.67 415.195
322.174 396.38
487.956 295.608
258.442 32.4851
236.971 150.796
217.644 112.519
492.499 420.505
396.375 309.559
203.824 12.5656
111.842 295.715
207.938 188.848
440.924 113.913
314.88 159.626
243.466 339.619
417.94 128.259
131.618 187.061
301.099 484.336
402.093 84.687
94.7382 243.348
310.388 158.371
429.39 103.707
273.608 80.169
116.502 479.881
379.946 102.177
110.69 539.124
95.2853 146.486
361.409 559.487
442.121 450.262
87.1161 146.467
50.2845 485.319
268.68 396.744
325.024 475.94
308.687 18.5178
159.291 52.5319
404.393 289.234
266.418 8.83356
369.287 190.543
336.644 492.106
331.034 489.933
7.95925 342.617
477.693 232.287
415.752 95.9822
148.473 425.995
304.357 458.461
311.351 512.834
176.586 482.785
459.422 160.138
265.655 46.6579
272.582 588.999
372.747 183.665
272.982 230.935
109.112 55.4508
491.404 333.493
392.194 464.579
89.2325 232.094
13.8927 292.028
426.826 518.608
64.944 505.229
27.1262 445.33
15.526 375.114
241.584 216.467
377.67 227.814
449.528 494.871
382.433 564.423
486.7 329.044
256.615 337.702
108.387 311.44
269.051 463.113
196.575 504.242
272.99 467.292
438.915 157.476
279.704 22.8963
42.8569 298.457
12.0951 368.124
374.546 191.587
123.535 568.869
3.38504 311.502
23.1232 382.84
375.803 564.446
89.8008 280.807
31.0467 411.342
123.506 334.354
3.90777 330.892
95.1533 388.819
12.8385 359.143
317.153 164.768
460.328 232.085
497.566 339.507
345.372 39.4807
100.524 327.403
253.903 125.395
392.519 458.974
296.838 575.705
49.2084 115.546
244.192 259.467
52.2434 179.518
23.505 171.363
496.446 392.347
376.932 167.399
244.175 324.474
208.842 182.123
103.775 54.8325
261.4 573.788
228.493 141.705
89.3094 315.374
239.021 80.2957
190.429 481.532
247 100.33
115.917 271.895
294.82 499.333
219.773 143.862
48.265 132.116
263.502 146.039
471.261 449.365
357.442 388.104
0 0
264.357 392.265
244.478 484.968
295.947 99.9649
502.501 355.134
495.904 366.561
301.659 160.289
66.2926 175.711
312.092 506.299
208.924 86.774
218.238 91.6113
244.362 407.749
199.895 129.66
452.745 126.315
195.205 91.2416
389.873 93.165
114.035 477.596
215.777 592.591
128.165 553.475
105.137 305.651
142.297 46.2139
441.214 116.932
58.2182 112.152
324.136 30.0425
337.182 382.818
401.269 77.5072
253.623 116.716
229.074 42.3485
21.1034 431.404
261.494 232.133
244.873 202.124
186.77 8.58336
223.901 535.45
470.17 192.35
104.726 444.838
187.097 500.288
473.473 199.378
112.407 64.0049
123.018 513.971
401.248 229.435
213.164 12.3798
199.357 530.17
166.378 429.099
251.223 128.683
234.12 54.6316
255.783 532.586
260.086 87.0126
228.328 453.01
7.37095 335.078
275.231 367.208
219.827 217.018
301.911 504.296
191.47 496.523
86.9102 116.092
281.706 526.539
197.158 180.475
333.883 543.398
233.045 458.202
372.412 98.7516
81.7495 146.404
100.748 146.474
119.787 528.668
474.729 366.386
148.503 411.108
388.125 335.995
473.851 257.499
24.6815 386.185
317.889 518.608
236.277 396.409
483.863 261.253
133.332 552.402
119.27 51.2131
90.7235 536.723
270.908 242.332
269.188 365.609
339.135 39.4678
70.0821 449.539
87.416 98.1732
240.549 67.3092
106.05 281.739
317.034 573.552
436.107 249.162
343.898 483.047
235.664 449.204
264.568 355.561
101.043 366.246
107.42 146.517
97.9069 236.577
194.042 551.757
315.644 485.184
226.403 446.675
244.545 414.111
328.066 565.997
418.351 260.658
282.938 27.507
244.516 420.347
247.499 512.458
472.68 341.123
395.778 235.203
261.306 483.252
37.695 184.289
37.9088 287.586
424.177 531.16
247.419 497.912
475.713 215.112
98.7106 54.8942
215.577 476.474
113.047 73.7441
141.309 508.634
93.4493 319.394
264.45 418.179
337.384 425.285
428.332 129.65
426.437 157.291
237.665 526.51
264.797 455.082
176.739 172.506
439.406 180.784
392.492 186.318
403.834 188.32
440.626 510.193
483.792 377.657
304.516 513.996
122.358 224.529
453.15 145.542
228.599 440.311
100.113 187.527
261.032 531.572
251.05 201.804
315.015 522.546
405.177 69.537
335.565 386.682
122.926 342.93
64.6951 112.836
184.057 467.608
262.144 213.634
95.2005 205.16
477.11 332.405
25.8745 414.718
57.2593 402.487
308.339 460.598
224.087 128.898
396.738 89.2687
16.5521 421.755
176.497 166.668
49.7579 468.93
387.211 239.911
192.309 583.443
95.4275 255.034
202.379 468.292
151.528 518.143
103.63 488.372
126.154 41.8572
213.491 90.0019
325.41 392.536
272.679 91.2352
484.729 280.837
219.483 223.008
197.823 588.229
257.56 504.546
105.995 539.586
129.082 191.979
264.589 531.224
417.805 229.894
244.47 206.226
444.15 504.713
102.315 291.523
62.758 467.266
95.3868 539.748
389.775 531.969
382.846 166.123
232.471 230.321
51.8851 139.84
262.444 95.2881
306.196 522.24
261.544 560.387
216.703 538.863
478.709 337.368
479.567 281.561
335.338 36.324
405.344 219.418
391.615 331.661
392.831 313.122
123.378 575.34
242.933 559.985
395.514 213.57
151.539 391.187
195.125 456.371
280.841 87.1485
409.133 302.407
89.5034 394.406
406.69 481.24
80.4722 462.396
3.39843 324.807
407.46 539.499
370.349 46.6518
385.13 197.174
200.507 563.333
352.817 378.775
192.769 129.025
385.56 265.556
67.9988 146.43
449.318 183.515
492.503 312.815
370.811 104.756
225.79 572.774
424.246 269.901
397.677 81.6608
416.907 101.471
53.3554 402.593
277.671 133.187
17.6584 405.056
157.558 589.115
401.109 476.976
434.405 121.407
29.3292 293.805
412.646 539.793
234.777 385.096
57.5779 178.771
444.75 454.893
367.704 560.403
261.544 227.062
458.013 137.959
93.3791 187.565
331.744 500.416
114.714 146.273
324.255 573.648
48.0912 402.497
208.551 594.706
62.505 488.556
222.609 515.123
90.1059 401.717
360.521 419.086
246.734 330.196
112.659 326.102
177.042 420.663
223.898 485.196
472.26 235.544
422.071 243.653
241.034 263.382
243.301 526.751
62.476 405.633
362.933 159.881
335.804 484.165
108.281 396.448
233.5 132.507
202.825 592.752
23.4066 164.03
172.217 588.806
203.301 489.557
418.233 473.427
223.881 522.412
251.355 539.89
399.804 512.627
84.5335 283.106
224.442 214.516
76.2645 521.53
174.174 387.061
216.547 133.317
437.912 385.348
228.444 15.4321
462.388 183.315
218.901 519.713
380.838 324.662
74.4911 101.493
327.896 34.2249
244.611 212.432
251.926 520.629
301.799 568.764
357.467 403.179
102.692 136.55
280.687 535.466
470.433 178.263
421.592 152.395
95.9173 229.175
464.325 207.634
54.3412 488.334
111.262 337.175
393.492 504.581
343.061 551.496
294.263 448.969
121.206 46.5064
195.038 95.7202
262.104 33.6814
257.256 137.61
251.489 214.213
202.771 133.273
276.513 495.722
117.728 229.072
409.514 246.964
470.513 336.412
409.355 473.703
204.712 531.664
23.6347 181.659
220.886 543.05
87.3313 311.92
227.529 208.776
232.376 217.951
207.646 90.3225
267.97 359.049
377.348 502.981
186.947 410.069
429.112 262.496
120.708 71.2328
396.109 61.4644
279.505 95.3998
422.805 129.523
393.647 205.069
86.1996 138.311
471.324 212.75
445.464 240.604
380.283 96.0072
287.1 486.096
362.478 46.218
251.407 112.692
108.52 389.757
212.403 185.638
109.882 488.491
265.022 131.668
133.16 80.1915
183.745 461.829
429.581 121.479
221.334 204.351
400.447 315.511
399.687 203.413
368.334 175.975
84.9488 290.703
407.874 84.4597
413.008 84.4363
71.1551 498.128
139.272 550.102
50.4703 293.588
31.3202 436.411
236.674 106.089
230.356 137.347
372.834 210.214
21.0111 355.2
279.41 371.981
130.832 579.003
452.775 465.465
491.886 374.323
192.091 8.44725
354.441 555.146
100.114 377.172
488.994 264.913
183.374 487.051
398.519 178.473
289.096 374.382
108.721 317.372
86.5015 299.252
112.739 276.723
337.94 546.932
468.706 380.937
276.437 49.9816
417.44 255.805
83.8047 74.88
288.888 123.257
23.9537 350.927
440.086 149.751
251.767 334.935
410.285 515.432
257.581 488.105
390.182 166.822
250.545 258.505
448.326 157.482
264.734 413.397
450.826 237.54
396.519 301.444
240.001 221.326
218.344 70.9972
13.1677 343.604
311.412 168.493
353.078 437.764
209.106 71.5608
157.877 21.1828
386.449 277.968
332.843 496.361
281.555 373.154
327.662 493.637
473.361 377.438
410.062 241.51
278.48 381.757
263.436 9.15032
7.58946 301.17
225.421 372.296
293.056 527.531
355.756 39.6014
307.31 173.839
189.585 180.28
36.96 411.323
93.6456 398.614
292.809 180.043
41.5316 460.357
264.942 587.581
453.578 471.888
470.593 169.994
260.886 527.711
44.2902 476.63
454.328 183.566
317.079 505.388
326.488 502.426
31.7097 283.407
492.764 412.937
403.333 64.3899
3.52195 318.608
252.088 95.8595
201.027 182.049
418.237 221.45
303.34 568.645
276.538 526.526
85.2677 68.2532
415.537 505.765
264.408 580.832
319.975 481.03
272.246 472.256
281.909 128.975
219.91 241.845
74.1372 143.052
264.452 434.196
285.783 532.727
70.3027 402.69
112.401 320.447
401.519 173.003
216.469 453.432
210.996 112.551
225.131 202.342
281.199 577.632
195.24 481.702
422.597 98.117
76.5404 464.644
253.675 146.581
389.862 509.439
75.7637 146.399
183.47 392.564
226.365 85.8994
372.837 213.701
377.899 230.813
385.437 273.082
91.7958 136.439
324.458 497.875
115.59 137.026
250.266 19.6491
325.558 471.823
340.66 479.426
482.738 332.723
270.114 116.695
246.56 319.241
100.937 539.46
93.0556 491.168
216.227 440.831
188.066 96.6293
379.156 498.605
325.481 411.73
445.237 146.578
454.137 157.503
58.1771 143.497
379.761 188.072
209.818 488.297
244.826 441.041
434.221 180.355
101.31 219.626
353.733 155.97
104.68 368.579
78.9526 488.311
377.973 335.539
430.912 484.626
501.177 366.121
91.7529 367.473
211.578 532.789
267.78 216.245
187.393 122.692
433.676 195.082
148.601 405
261.433 477.614
87.7419 494.663
37.4774 294.93
438.338 128.982
196.319 468.492
408.814 99.952
247.882 476.508
211.07 533.594
393.401 326.671
110.631 191.678
168.37 574.489
233.103 400.679
468.839 166.999
134.12 498.596
305.389 467.452
261.402 221.745
72.3482 96.9167
95.6242 278.142
207.188 59.1849
483.674 291.403
244.519 59.6475
357.569 433.213
382.698 221.615
248.342 530.954
77.5934 402.446
396.204 262.613
168.975 379.48
45.7504 481.017
403.69 177.654
308.89 485.681
235.807 518.978
114.279 343.491
213.962 454.284
231.417 32.8353
245.744 254.822
266.329 91.7908
456.8 247.876
89.3435 485.881
390.019 316.974
21.1421 416.603
396.248 554.862
131.191 39.1913
70.268 510.361
294.357 500.713
261.642 498.032
425.716 187.006
228.726 543.421
117.417 218.862
46.5883 277.936
264.32 345.406
200.913 96.6293
79.1928 95.0683
427.129 219.167
400.136 219.575
462.025 450.188
354.352 151.381
460.948 337.031
398.313 469
255.494 14.1382
236.443 351.43
215.687 469.179
135.522 68.6045
30.486 188.055
244.377 65.915
249.79 532.561
236.082 92.3145
167.93 568.105
287.686 495.425
112.803 283.325
38.9352 137.654
412.93 221.565
106.011 398.386
239.88 461.476
424.932 263.494
151.425 400.116
109.655 184.226
103.369 235.719
448.608 191.444
183.223 163.395
202.003 86.7528
82.7538 242.707
22.4973 405.568
233.537 116.909
86.6207 92.5384
342.357 488.071
481.61 224.446
488.973 430.329
184.941 585.695
264.646 114.979
110.377 443.272
420.068 84.748
422.586 515.284
273.348 386.235
254.979 87.6982
393.594 218.966
278.918 14.7697
192.153 169.261
424.447 276.173
289.236 448.96
168.584 581.479
431.559 188.228
319.554 464.503
201.176 522.182
109.36 269.327
447.429 484.888
18.5201 343.703
459.018 343.174
41.9215 402.663
463.388 372.928
223.496 378.195
251.394 546.955
28.6975 147.263
101.191 280.986
75.0788 178.87
343.263 430.112
