271.385 242.401
274.477 367.438
322.448 379.706
373.26 321.517
370.932 311.726
344.957 360.475
244.424 252.599
204.969 285.455
290.011 401.984
276.218 229.882
209.647 279.589
212.817 348.748
243.13 338.971
219.726 269.427
257.782 338.207
201.46 335.975
329.417 374.577
120 120
206.423 341.85
120 470
245.278 245.366
266.213 242.518
367.539 305.188
337.479 269.467
196.249 328.834
247.997 275.04
263.458 354.984
315.934 380.987
238.412 261.651
281.167 403.735
282.268 380.438
261.199 345.344
356.936 291.237
289.997 226.836
214.586 274.432
218.114 352.182
311.955 243.604
190.789 313.214
276.262 402.161
282.585 226.445
470 470
346.951 279.814
313.515 384.833
255.877 239.183
231.08 353.702
224.928 354.936
295.328 229.908
249.02 333.938
192.871 304.912
282.681 374.169
235.913 350.401
250.395 258.841
237.672 341.519
296.644 397.048
259.256 351.12
300.603 395.219
195.647 298.784
250.561 239.073
268.119 394.738
272.396 386.143
244.193 268.854
350.116 355.467
232.127 262.132
371.814 326.319
317.27 248.733
370.368 331.122
193.034 322.61
470 120
322.364 253.699
342.206 274.627
334.963 369.608
366.566 337.424
275.69 239.165
332.528 264.028
327.367 258.757
339.984 365.125
268.512 361.964
361.953 297.49
299.984 233.023
271.356 400.588
351.946 285.287
252.502 268.93
226.581 264.151
372.096 316.621
256.291 358.474
256.212 262.857
261.194 239.293
268.14 388.768
200.526 291.349
276.652 383.517
278.579 370.803
360.517 344.571
355.218 350.144
307.679 390.912
306.253 238.525
