89.8008 280.807
317.153 164.768
285.783 532.727
431.092 385.771
200.662 59.5348
156.357 378.424
97.3338 490.103
232.376 217.951
179.36 593.874
253.675 146.581
273.348 386.235
401.109 476.976
256.615 337.702
350.818 552.782
294.611 18.7343
324.136 30.0425
87.7419 494.663
396.679 546.911
280.841 87.1485
325.481 411.73
396.248 554.862
131.191 39.1913
183.767 554.706
20.8458 291.047
279.41 371.981
460.579 388.267
230.663 148.101
252.088 95.8595
76.8069 106.224
391.615 331.661
422.586 515.284
264.357 392.265
273.608 80.169
238.356 540.267
63.7422 282.445
119.328 518.779
492.503 312.815
170.462 426.257
49.6094 460.572
252.807 132.866
227.213 149.768
212.016 191.75
468.706 380.937
6.85583 307.132
172.036 16.9715
329.976 418.976
306.196 522.24
497.935 386.876
237.665 526.51
356.766 438.494
353.733 155.97
433.676 195.082
139.662 502.405
166.378 429.099
357.492 397.24
101.772 266.444
480.471 446.785
91.7529 367.473
199.968 452.421
428.822 477.823
246.734 330.196
92.8117 219.066
44.2902 476.63
174.174 387.061
437.682 477.392
270.908 242.332
268.956 223.998
362.478 46.218
176.586 482.785
436.881 110.609
270.192 49.9039
301.099 484.336
271.698 12.3003
236.674 106.089
243.257 146.539
276.394 234.677
340.66 479.426
317.191 161.343
135.522 68.6045
100.114 377.172
89.0208 63.8546
261.494 232.133
294.263 448.969
396.061 505.568
424.662 239.04
435.001 150.704
377.899 230.813
79.1928 95.0683
80.7253 498.667
216.711 86.4868
196.522 62.2943
21.0111 355.2
95.5929 249.726
270.114 116.695
262.144 213.634
479.259 287.782
213.597 62.3347
213.962 454.284
101.191 280.986
109.882 488.491
151.528 518.143
196.575 504.242
280.601 485.354
83.991 86.8471
188.286 559.165
429.112 262.496
502.353 396.378
188.066 96.6293
208.924 86.774
31.0467 411.342
418.135 537.217
446.762 377.531
265.655 46.6579
452.957 391.87
251.223 128.683
357.569 433.213
276.044 239.242
137.962 580.86
213.164 12.3798
33.1491 139.036
301.659 160.289
272.99 467.292
157.558 589.115
70.0821 449.539
72.3482 96.9167
222.082 469.204
93.3791 187.565
35.6768 438.62
446.795 474.46
186.77 8.58336
393.594 218.966
354.441 555.146
260.886 527.711
126.154 41.8572
451.129 489.781
361.947 153.621
42.5632 274.718
293.836 460.022
369.287 190.543
134.12 498.596
27.1262 445.33
450.306 449.355
200.913 96.6293
116.016 534.689
67.2058 464.284
221.334 204.351
57.5779 178.771
31.3961 275.31
83.8047 74.88
192.769 129.025
62.476 405.633
250.545 258.505
471.468 367.756
253.79 550.249
314.88 159.626
219.902 200.005
195.812 579.485
372.412 98.7516
303.571 159.698
264.646 114.979
442.762 477.285
233.537 116.909
145.957 49.9751
95.8526 372.199
114.16 181.019
151.539 391.187
207.646 90.3225
388.755 322.62
189.128 468.56
195.272 121.49
184.86 481.348
337.94 546.932
326.67 415.195
464.588 449.552
240.545 465.582
54.8003 456.939
24.0239 159.123
502.554 362.866
267.78 216.245
109.112 55.4508
264.568 355.561
414.366 481.509
12.8385 359.143
229.302 537.567
94.7382 243.348
108.997 304.485
303.219 18.43
449.318 183.515
251.407 112.692
261.402 221.745
218.238 91.6113
492.764 412.937
66.1374 452.777
144.108 546.051
244.192 259.467
51.8851 139.84
74.1372 143.052
245.744 254.822
205.133 481.436
491.928 324.136
149.755 585.341
95.1533 388.819
35.7054 274.312
388.203 498.77
380.283 96.0072
310.388 158.371
56.3271 405.882
450.826 237.54
253.623 116.716
377.762 173.647
227.54 380.75
262.351 141.171
403.69 177.654
123.535 568.869
417.44 255.805
420.068 84.748
491.404 333.493
299.716 454.523
496.718 381.137
257.56 504.546
70.3027 402.69
244.478 484.968
240.483 548.469
355.756 39.6014
479.459 366.883
385.56 265.556
422.805 129.523
272.302 400.509
214.338 481.319
128.511 66.6139
412.93 221.565
264.495 424.504
188.511 509.487
34.0161 442.785
123.506 334.354
27.2562 154.532
228.599 440.311
79.7642 181.327
194.042 551.757
7.37095 335.078
390.019 316.974
200.507 563.333
434.405 121.407
48.0912 402.497
254.562 46.3586
109.36 269.327
319.975 481.03
112.803 283.325
352.817 378.775
191.317 405.257
308.687 18.5178
251.543 207.254
247.706 494.395
264.589 531.224
119.723 57.5482
213.491 90.0019
393.647 205.069
600 0
424.566 525.005
391.146 55.9278
51.0021 407.648
66.1092 139.731
325.264 464.715
372.747 183.665
71.442 489.914
100.748 146.474
482.738 332.723
245.355 489.515
287.507 95.5889
390.965 559.687
112.401 320.447
93.1404 453.775
265.363 474.398
184.936 550.544
325.558 471.823
23.1232 382.84
403.646 261.028
267.97 359.049
111.6 263.366
244.671 271.34
232.777 545.967
247 100.33
402.391 505.523
84.8694 488.536
268.68 396.744
435.679 105.289
309.888 498.517
280.687 535.466
404.892 471.698
60.1401 454.631
484.869 441.821
438.915 157.476
212.403 185.638
77.5934 402.446
232.584 52.8808
456.8 247.876
228.493 141.705
394.063 530.401
93.4296 59.4264
495.904 366.561
398.676 319.476
304.501 508.195
236.443 351.43
388.925 454.36
288.888 123.257
299.305 461.134
156.007 54.6148
186.819 395.724
462.388 183.315
446.353 459.437
281.555 373.154
229.672 479.063
122.926 342.93
287.29 87.7609
102.315 291.523
337.182 382.818
23.4604 176.391
328.414 552.576
241.1 445.095
261.619 240.113
244.516 420.347
223.898 485.196
159.291 52.5319
37.695 184.289
403.333 64.3899
251.451 222.451
167.93 568.105
183.47 392.564
86.4051 187.262
192.153 169.261
204.712 531.664
399.687 203.413
343.061 551.496
84.8021 110.266
418.237 221.45
159.602 44.7884
223.881 522.412
189.774 459.831
211.578 532.789
117.636 331.317
41.5316 460.357
29.3292 293.805
292.542 531.903
329.058 388.443
424.447 276.173
198.603 567.956
264.32 345.406
59.0571 137.265
207.938 188.848
473.473 199.378
477.693 232.287
327.662 493.637
251.47 212.416
211.07 533.594
46.6774 181.122
296.838 575.705
459.018 343.174
497.566 339.507
268.534 82.4481
181.974 390.516
123.401 563.39
476.552 447.595
231.417 32.8353
117.417 218.862
223.402 91.4581
362.933 159.881
400.136 219.575
466.425 257.273
257.581 488.105
168.975 379.48
89.2325 232.094
244.991 86.9876
244.47 206.226
110.69 539.124
474.729 366.386
162.508 579.27
101.31 219.626
120.708 71.2328
436.431 247.216
457.55 191.515
273.233 50.5739
384.126 97.6188
307.141 498.522
283.283 492.264
389.784 210.711
276.538 526.526
22.4973 405.568
471.973 281.713
492.353 426.398
215.244 485.562
246.56 319.241
272.982 230.935
161.871 574.089
115.714 484.658
276.513 495.722
50.4703 293.588
289.236 448.96
264.455 352.454
392.194 464.579
264.45 418.179
263.502 146.039
105.137 305.651
148.906 430.451
386.946 464.06
357.467 403.179
225.131 202.342
87.416 98.1732
103.49 197.833
183.259 414.025
335.565 386.682
15.526 375.114
424.177 531.16
449.528 494.871
38.9352 137.654
402.093 84.687
276.227 44.1363
393.858 278.577
200.278 494.928
167.455 374.074
261.642 498.032
111.842 295.715
217.731 375.052
220.459 13.4443
247.541 200.492
208.551 594.706
460.948 337.031
266.586 133.265
253.903 125.395
439.406 180.784
457.155 453.88
499.948 407.134
23.9537 350.927
454.137 157.503
148.925 529.017
119.27 51.2131
335.421 420.139
375.803 564.446
197.067 525.499
142.79 584.164
13.8927 292.028
402.44 539.323
181.854 509.091
117.224 191.31
311.157 470.708
307.31 173.839
285.631 501.647
190.955 491.557
239.88 461.476
43.1009 407.244
176.739 172.506
229.309 91.2941
219.773 143.862
103.384 448.323
150.185 54.107
236.277 396.409
247.419 497.912
192.309 583.443
202.003 86.7528
187.728 400.167
470.7 286.562
468.204 236.774
260.086 87.0126
103.775 54.8325
462.025 450.188
442.244 249.433
401.248 229.435
210.58 133.443
187.294 164.648
261.544 227.062
448.326 157.482
96.6761 449.933
487.956 295.608
254.979 87.6982
89.3435 485.881
86.1996 138.311
181.516 177.561
387.211 239.911
244.356 53.4742
91.7958 136.439
191.47 496.523
472.26 235.544
108.47 384.628
473.851 257.499
219.827 217.018
86.5015 299.252
192.085 65.5783
436.107 249.162
243.503 469.464
398.519 178.473
483.674 291.403
133.332 552.402
261.038 553.428
37.4774 294.93
112.739 276.723
236.251 362.902
16.5521 421.755
0 0
422.705 121.934
231.434 239.824
17.6584 405.056
241.642 73.7455
478.709 337.368
229.932 213.589
319.554 464.503
114.714 146.273
463.979 392.845
233.045 458.202
378.003 162.214
26.9645 346.896
481.206 216.718
407.248 73.978
7.58946 301.17
483.792 377.657
387.336 262.661
420.675 519.219
216.547 133.317
122.358 224.529
415.52 518.069
399.518 297.485
428.332 129.65
261.306 483.252
76.5404 464.644
172.217 588.806
216.703 538.863
89.1298 456.812
31.7097 283.407
261.433 477.614
89.5034 394.406
441.214 116.932
243.002 406.032
339.462 380.449
420.533 510.454
256.364 523.488
429.39 103.707
458.295 398.128
426.859 256.915
269.97 532.698
165.3 18.3994
427.286 485.58
407.874 84.4597
304.544 519.434
454.328 183.566
92.5529 291.965
463.385 191.335
302.726 178.071
442.121 450.262
226.053 482.806
252.89 267.443
314.362 22.3469
231.656 570.258
372.834 210.214
261.544 560.387
187.097 500.288
324.458 497.875
239.021 80.2957
42.8569 298.457
248.604 146.456
385.246 193.177
392.369 538.869
177.042 420.663
122.214 178.639
396.204 262.613
272.679 91.2352
379.598 225.543
114.035 477.596
257.393 95.4633
62.758 467.266
195.24 481.702
430.912 484.626
417.372 249.499
251.303 107.049
317.889 518.608
461.217 252.226
225.462 240.963
52.5354 300.846
391.545 236.817
283.339 119.808
31.3202 436.411
385.13 197.174
395.537 170.294
215.358 237.697
207.366 526.81
228.825 130.605
258.442 32.4851
296.33 92.9814
164.658 435.409
202.379 468.292
401.269 77.5072
240.002 111.086
13.1677 343.604
75.7637 146.399
155.432 382.717
264.942 587.581
272.307 405.48
98.7106 54.8942
357.418 425.907
383.164 91.7195
328.066 565.997
70.268 510.361
76.2297 389.951
405.177 69.537
134.494 181.164
103.369 235.719
62.118 146.436
203.775 448.878
370.811 104.756
251.355 539.89
111.761 477.761
222.608 246.8
444.073 183.473
360.521 419.086
209.106 71.5608
269.051 463.113
85.6083 459.929
486.179 272.181
484.936 370.897
96.213 199.283
257.531 264.143
197.457 8.49515
187.082 575.353
467.473 180.538
49.2084 115.546
456.211 131.506
266.418 8.83356
265.239 388.416
279.505 95.3998
389.775 531.969
84.3085 449.416
348.356 433.521
177.96 163.917
110.096 212.712
90.1059 401.717
105.995 539.586
12.9038 396.848
218.344 70.9972
479.275 257.641
245.116 538.789
410.285 515.432
179.305 388.106
105.347 335.62
430.034 253.814
264.452 434.196
224.442 214.516
478.606 377.46
270.733 39.6863
248.795 275.219
600 600
25.2649 436.368
413.008 84.4363
325.546 405.994
128.238 72.8241
95.2853 146.486
80.2789 118.638
437.912 385.348
37.0741 405.494
159.768 583.395
431.904 517.752
23.505 171.363
264.819 458.818
251.394 546.955
496.446 392.347
58.0658 468.484
197.994 557.767
245.273 46.9325
409.004 252.493
396.109 61.4644
291.546 91.1199
281.218 381.61
3.38504 311.502
383.529 336.65
269.188 365.609
108.324 372.645
36.96 411.323
103.63 488.372
377.348 502.981
219.483 223.008
422.217 473.945
245.21 555.358
293.567 24.7702
403.834 188.32
415.389 240.116
119.787 528.668
282.938 27.507
502.567 348.223
240.541 564.561
250.001 225.289
103.882 329.788
54.0013 136.102
325.024 475.94
418.233 473.427
445.464 240.604
417.94 128.259
492.273 300.496
292.809 180.043
93.0556 491.168
335.804 484.165
483.863 261.253
32.5745 455.857
127.303 509.349
102.692 136.55
198.163 500.054
30.6279 405.51
466.342 343.629
291.763 577.714
475.713 215.112
275.445 487.624
184.057 467.608
448.608 191.444
444.15 504.713
391.986 229.928
148.473 425.995
315.015 522.546
420.884 236.226
202.069 178.327
386.449 277.968
187.905 569.664
198.561 483.82
289.096 374.382
281.909 128.975
277.671 133.187
266.749 35.6999
357.994 406.029
453.15 145.542
200.256 71.4499
409.985 295.72
251.767 334.935
395.514 213.57
439.43 479.752
225.421 372.296
271.485 526.451
95.9086 383.722
244.545 414.111
226.277 112.518
382.07 458.524
261.217 112.3
379.946 102.177
453.578 471.888
410.062 241.51
465.632 211.932
87.3313 311.92
244.377 65.915
415.34 291.659
353.801 383.379
392.55 84.709
221.69 453.591
262.444 95.2881
288.969 380.803
479.567 281.561
398.313 469
228.573 516.588
197.665 572.768
471.324 212.75
481.234 231.062
236.971 150.796
232.502 224.689
276.437 49.9816
257.536 516.286
377.973 335.539
471.261 449.365
168.37 574.489
211.062 443.966
434.221 180.355
278.48 381.757
189.585 180.28
110.377 443.272
91.6578 305.154
67.9988 146.43
248.342 530.954
333.883 543.398
486.7 329.044
187.393 122.692
93.5326 447.176
207.188 59.1849
327.896 34.2249
317.079 505.388
244.688 517.456
225.79 572.774
271.88 226.859
112.501 57.6738
24.6815 386.185
299.307 165.727
151.251 524.247
10.5514 298.25
141.309 508.634
244.519 59.6475
45.6063 123.137
183.223 163.395
345.372 39.4807
3.52195 318.608
477.11 332.405
424.932 263.494
108.281 396.448
195.125 456.371
383.367 509.31
243.466 339.619
302.067 498.508
481.61 224.446
400.447 315.511
108.721 317.372
447.429 484.888
75.0788 178.87
199.895 129.66
12.6111 400.61
3.90777 330.892
129.313 178.59
81.7205 297.767
70.9254 284.009
380.72 233.671
396.519 301.444
17.5155 388.685
501.177 366.121
375.674 160.053
28.6975 147.263
227.529 208.776
402.972 515.46
131.618 187.061
368.898 165.522
115.917 271.895
12.0951 368.124
483.275 336.547
201.027 182.049
484.729 280.837
452.775 465.465
446.666 125.037
114.279 343.491
468.839 166.999
274.855 535.318
450.569 246.038
50.2845 485.319
25.8745 414.718
440.924 113.913
328.955 544.524
3.39843 324.807
96.5138 294.581
255.494 14.1382
442.171 195.627
121.206 46.5064
491.886 374.323
18.5201 343.703
315.644 485.184
196.303 68.4333
311.585 498.502
69.0086 395.487
183.374 487.051
240.001 221.326
100.937 539.46
491.082 366.651
181.878 505.341
435.551 260.983
452.745 126.315
376.932 167.399
322.982 505.462
444.75 454.893
72.6268 514.78
335.338 36.324
216.469 453.432
275.231 367.208
82.5755 142.335
208.842 182.123
418.351 260.658
357.442 388.104
416.907 101.471
90.7235 536.723
244.988 228.294
244.873 202.124
210.996 112.551
293.923 171.751
401.519 173.003
249.558 438.138
408.988 276.665
460.328 232.085
79.6687 108.382
129.082 191.979
16.7737 426.65
95.6242 278.142
196.319 468.492
232.52 236.32
354.352 151.381
106.976 291.874
265.022 131.668
409.355 473.703
184.941 585.695
69.5745 178.28
250.266 19.6491
312.092 506.299
382.433 564.423
294.82 499.333
325.41 392.536
251.05 201.804
311.615 573.533
463.388 372.928
151.425 400.116
244.175 324.474
74.4911 101.493
263.436 9.15032
73.0351 116.829
322.174 396.38
41.9215 402.663
266.329 91.7908
219.358 227.416
382.846 166.123
460.967 382.378
463.185 164.222
422.183 481.579
251.41 321.369
255.783 532.586
429.581 121.479
224.087 128.898
431.559 188.228
387.631 87.3188
455.282 235.554
97.2053 323.097
104.726 444.838
427.129 219.167
215.577 476.474
492.551 305.421
240.549 67.3092
55.8613 281.205
360.442 410.209
144.318 540.492
434.912 381.165
307.353 480.397
223.496 378.195
113.047 73.7441
311.347 475.9
423.875 225.693
21.1421 416.603
112.407 64.0049
58.2182 112.152
57.2593 402.487
393.165 179.106
268.683 409.253
314.325 464.468
130.832 579.003
183.745 461.829
236.487 567.596
404.375 193.848
502.215 341.962
54.3412 488.334
89.3094 315.374
488.973 430.329
367.053 158.11
416.88 288.838
48.265 132.116
97.9069 236.577
107.063 219.163
84.9488 290.703
301.911 504.296
186.947 410.069
398.576 535.606
376.973 207.08
152.915 438.935
100.113 187.527
123.287 61.3243
392.492 186.318
234.12 54.6316
295.947 99.9649
215.088 64.4461
126.598 559.416
228.001 473.515
81.7495 146.404
93.4493 319.394
168.584 581.479
146.409 535.755
251.489 214.213
422.071 243.653
370.349 46.6518
202.825 592.752
433.593 157.519
385.316 55.089
417.805 229.894
488.994 264.913
62.505 488.556
424.246 269.901
86.9102 116.092
409.514 246.964
87.0952 246.865
443.845 385.691
148.503 411.108
236.575 356.711
343.263 430.112
393.401 326.671
218.395 533.278
492.499 420.505
95.9173 229.175
229.074 42.3485
66.2926 175.711
374.222 50.0593
257.256 137.61
192.091 8.44725
103.247 481.742
148.531 417.691
199.357 530.17
217.644 112.519
23.4066 164.03
404.679 280.601
200.955 117.271
64.6951 112.836
307.09 571.925
279.758 500.551
95.3868 539.748
148.601 405
426.054 382.586
247.882 476.508
470.17 192.35
401.544 254.49
236.812 341.775
176.497 166.668
311.412 168.493
339.135 39.4678
82.7538 242.707
82.2604 404.734
379.156 498.605
261.4 573.788
277.651 116.595
106.189 449.646
492.559 320.639
188.517 92.1121
151.226 32.2641
425.716 187.006
264.408 580.832
472.68 341.123
133.16 80.1915
151.663 387.987
228.328 453.01
404.701 307.066
222.609 515.123
215.871 231.251
251.926 520.629
80.0106 80.4508
197.823 588.229
46.5883 277.936
426.437 157.291
64.944 505.229
337.384 425.285
409.133 302.407
379.14 50.7334
244.362 407.749
421.592 152.395
23.6347 181.659
243.301 