2       -1 -1 -1 1 -1 -1
2       -1 -1 -1 -1 1 -1
2       -1 -1 -1 -1 -1 1
2       1 -1 -1 1 1 -1
2       1 -1 -1 1 -1 1
2       -1 1 -1 1 1 -1
2       -1 1 -1 -1 1 1
2       -1 -1 1 1 -1 1
2       -1 -1 1 -1 1 1
2       1 1 -1 1 1 0
2       -1 1 1 0 1 1
2       1 -1 1 1 0 1
21      0 1 1 0.05 0.68775 1 0.1 0.56411 1 0.15 0.473217 1 0.2 0.4 1 0.25 0.338562 1 0.3 0.285857 1 0.35 0.240066 1 0.4 0.2 1 0.45 0.164835 1 0.5 0.133975 1 0.55 0.106971 1 0.6 0.0834849 1 0.65 0.0632503 1 0.7 0.0460608 1 0.75 0.0317542 1 0.8 0.0202041 1 0.85 0.011314 1 0.9 0.00501256 1 0.95 0.00125078 1 1 0 1
21      1 1 0 1 0.68775 0.05 1 0.56411 0.1 1 0.473217 0.15 1 0.4 0.2 1 0.338562 0.25 1 0.285857 0.3 1 0.240066 0.35 1 0.2 0.4 1 0.164835 0.45 1 0.133975 0.5 1 0.106971 0.55 1 0.0834849 0.6 1 0.0632503 0.65 1 0.0460608 0.7 1 0.0317542 0.75 1 0.0202041 0.8 1 0.011314 0.85 1 0.00501256 0.9 1 0.00125078 0.95 1 0 1
21      0 1 1 0.05 1 0.68775 0.1 1 0.56411 0.15 1 0.473217 0.2 1 0.4 0.25 1 0.338562 0.3 1 0.285857 0.35 1 0.240066 0.4 1 0.2 0.45 1 0.164835 0.5 1 0.133975 0.55 1 0.106971 0.6 1 0.0834849 0.65 1 0.0632503 0.7 1 0.0460608 0.75 1 0.0317542 0.8 1 0.0202041 0.85 1 0.011314 0.9 1 0.00501256 0.95 1 0.00125078 1 1 0
