3373 
4218 9791
4225 9791
4217 9793
4220 9791
4224 9791
4226 9792
4224 9791
4227 9792
4221 9793
4219 9793
4196 9795
4187 9797
4163 9799
4181 9799
4177 9800
4178 9800
4145 9804
4139 9805
4116 9810
4112 9811
4110 9811
4119 9809
4122 9809
4096 9813
4082 9815
4068 9815
4072 9815
4091 9810
4070 9812
4076 9811
4065 9813
4055 9815
4055 9815
4058 9814
4057 9813
4056 9801
4058 9811
4066 9813
4102 9805
4104 9805
4112 9801
4127 9799
4077 9805
4070 9809
4100 9804
4102 9800
4102 9795
4144 9793
4150 9797
4152 9795
4152 9795
4152 9788
4155 9797
4208 9792
4214 9790
4220 9790
4223 9790
4223 9786
4223 9789
4225 9785
4239 9788
4240 9789
4241 9784
4208 9787
4219 9789
4210 9792
4097 9811
4092 9811
4087 9810
4090 9809
4094 9811
4061 9816
4063 9815
4060 9815
4047 9817
4041 9818
4021 9824
4016 9825
4012 9826
4023 9825
4020 9825
4026 9825
4025 9825
4027 9821
4030 9824
4031 9824
4032 9824
4036 9823
4042 9822
4039 9823
4046 9820
4044 9819
3988 9827
3985 9828
3988 9826
3986 9827
3973 9828
3968 9829
3967 9829
3973 9829
3975 9828
3972 9827
3980 9828
3978 9827
3973 9827
3966 9823
3966 9819
3960 9829
3958 9831
3930 9835
3943 9833
3945 9832
3945 9831
3957 9830
3938 9835
3940 9832
3943 9828
3965 9831
3966 9827
4022 9837
3900 9829
3903 9840
3898 9844
3912 9833
3926 9839
3927 9816
3915 9828
3923 9838
3923 9840
3925 9827
3961 9833
3931 9826
3948 9830
3958 9824
3966 9830
3949 9818
3953 9826
3943 9828
3964 9839
3964 9835
4168 9829
4150 9826
4168 9829
4155 9826
4168 9829
4140 9829
4121 9835
4115 9832
4112 9836
4114 9832
4074 9843
4074 9836
4057 9846
4060 9846
4053 9846
4052 9845
4051 9838
4002 9835
4102 9837
4113 9838
4112 9838
4126 9834
4128 9833
4118 9835
4114 9831
4120 9835
4145 9831
4148 9830
4172 9827
4175 9829
4162 9831
4127 9820
4144 9818
4157 9827
4158 9826
4184 9831
4178 9826
4194 9824
4195 9816
4178 9823
4200 9821
4209 9819
4267 9807
4244 9818
4245 9819
4257 9815
4271 9815
4277 9816
4279 9800
4280 9800
4281 9809
4271 9816
4273 9816
4256 9806
4256 9819
4252 9820
4078 9823
4087 9824
4089 9825
4090 9823
4088 9824
4088 9824
4088 9822
4088 9822
4091 9821
4094 9823
4091 9824
4092 9823
4093 9823
4090 9824
4093 9824
4092 9824
4095 9824
4097 9822
4091 9822
4086 9822
4095 9821
4079 9824
4075 9824
4062 9826
4062 9825
4058 9828
4058 9826
4056 9814
4062 9816
4075 9822
4071 9826
4045 9829
4044 9818
4042 9821
4035 9816
4029 9817
4028 9832
4036 9823
4044 9816
4042 9828
4048 9815
4026 9831
4026 9810
4032 9826
4020 9825
4037 9811
4007 9819
4003 9816
4005 9827
3999 9836
3990 9840
3989 9821
3992 9811
4003 9839
3979 9824
3975 9840
3974 9841
3974 9820
3977 9810
3979 9842
3990 9834
3994 9817
3991 9813
3989 9841
3989 9838
3992 9814
3995 9840
4014 9828
4019 9837
4024 9825
4025 9836
4013 9829
4006 9840
3991 9823
3992 9840
3987 9842
4044 9836
4042 9833
4084 9823
4062 9833
4065 9828
4072 9829
4080 9828
4082 9829
4089 9826
4130 9820
4092 9828
4094 9828
4097 9827
4100 9820
4093 9827
4095 9828
4096 9828
4095 9823
4093 9828
4097 9826
4089 9816
4101 9819
4104 9827
4102 9826
4117 9823
4095 9827
4220 9802
4233 9788
4232 9799
4201 9802
4198 9788
4200 9790
4207 9788
4216 9767
4198 9805
4199 9805
4190 9807
4190 9807
4190 9806
4209 9804
4186 9805
4169 9791
4167 9810
4160 9807
4154 9813
4157 9793
4156 9786
4151 9806
4175 9768
4144 9809
4135 9805
4137 9819
4140 9778
4139 9813
4136 9815
4124 9762
4120 9790
4151 9747
4116 9782
4115 9819
4127 9782
4120 9748
4139 9788
4149 9758
4161 9783
4174 9774
4177 9794
3988 9844
3991 9844
3993 9843
3992 9842
3988 9842
3972 9846
3955 9849
3958 9848
3940 9852
3933 9850
3932 9842
3925 9853
3921 9854
3905 9858
3905 9857
3901 9859
3899 9846
3944 9835
3941 9852
3935 9846
3929 9847
3924 9850
3923 9850
3923 9854
3924 9852
3903 9854
3897 9851
3918 9851
3923 9852
3928 9851
3928 9850
3924 9853
3921 9853
3919 9853
3918 9854
3916 9857
3919 9857
3915 9858
3902 9854
3910 9860
3895 9861
3896 9864
3897 9859
3896 9860
3894 9860
3886 9856
3905 9832
3903 9841
3892 9869
3892 9845
3905 9857
3918 9829
3919 9840
3930 9844
3938 9846
3942 9846
3952 9853
3958 9845
3954 9851
3959 9848
3959 9844
3961 9848
3964 9851
3963 9847
3974 9843
3977 9845
3978 9848
3976 9847
3981 9844
3970 9847
3992 9843
3992 9843
4017 9841
4019 9833
4010 9842
4019 9841
4031 9842
4032 9835
4036 9832
4042 9837
4042 9838
4042 9831
4044 9839
4044 9838
4045 9838
4047 9838
4047 9838
4044 9839
4004 9842
4005 9845
3984 9850
3980 9850
3980 9850
3981 9849
3977 9851
3976 9850
3974 9851
3973 9851
3975 9850
3974 9850
3972 9851
3963 9848
3959 9852
3958 9853
3957 9850
3946 9852
3965 9851
3959 9852
3958 9853
3957 9850
3946 9852
3959 9851
3965 9851
3973 9849
3979 9849
4153 9846
3918 9858
3914 9860
3901 9859
3923 9856
3916 9857
3936 9857
3946 9853
3947 9851
3945 9841
3952 9837
3943 9844
3942 9844
3937 9841
3944 9844
3949 9842
3950 9844
3948 9843
3962 9840
3935 9843
3929 9843
3933 9845
3924 9844
3863 9858
3911 9847
3904 9849
3899 9849
3887 9850
3876 9851
3924 9844
3922 9844
3928 9845
3918 9845
3920 9845
3919 9846
3920 9846
3922 9834
3864 9857
3862 9858
3867 9857
3874 9854
3872 9855
3875 9856
3878 9855
3865 9855
3867 9856
3876 9856
3878 9855
3835 9859
3841 9860
3825 9866
3823 9858
3850 9857
3853 9856
3856 9856
3858 9862
3866 9860
3867 9860
3884 9858
3893 9855
3885 9857
3886 9854
3883 9854
3877 9855
3876 9855
3876 9855
3899 9852
3902 9848
3914 9852
3853 9852
3847 9851
3856 9850
3835 9853
3843 9852
3844 9852
3843 9852
3851 9847
3851 9851
3855 9849
3857 9848
3845 9851
3853 9849
3848 9850
3855 9847
3883 9843
3890 9842
3867 9845
3862 9846
3864 9843
3844 9849
3836 9851
3832 9852
3828 9850
3808 9856
3803 9855
3811 9855
3809 9856
3845 9847
3850 9845
3858 9843
3857 9843
3864 9843
3867 9842
3868 9842
3823 9847
3813 9853
3814 9850
3816 9852
3814 9851
3816 9852
3825 9849
3825 9849
3820 9850
3825 9850
3832 9849
3820 9853
3818 9852
3816 9852
3793 9856
3792 9858
3789 9859
3787 9860
3784 9859
3783 9860
3783 9861
3780 9861
3782 9861
3781 9861
3775 9862
3770 9863
3768 9864
3766 9863
3769 9863
3763 9864
3761 9863
3768 9863
3770 9862
3769 9863
3780 9860
3759 9864
3770 9863
3756 9866
3746 9866
3734 9868
3737 9870
3740 9868
3741 9864
3736 9871
3732 9872
3748 9868
3758 9866
3765 9864
3764 9865
3769 9864
3746 9871
3743 9872
3740 9873
3766 9865
3733 9863
3735 9863
3738 9865
3732 9876
3714 9868
3698 9885
3726 9878
3729 9862
3734 9876
3734 9876
3754 9871
3754 9871
3754 9866
3759 9871
3775 9868
3777 9866
3774 9864
3783 9863
3774 9865
3773 9868
3819 9858
3820 9858
3818 9858
3817 9859
3817 9859
3826 9858
3829 9857
3829 9857
3830 9857
3837 9858
3835 9856
3811 9862
3738 9863
3741 9863
3777 9857
3786 9856
3787 9853
3789 9854
3767 9854
3757 9858
3757 9858
3757 9860
3754 9859
3751 9860
3749 9861
3745 9860
3743 9862
3743 9863
3740 9862
3736 9862
3737 9862
3740 9861
3731 9863
3730 9863
3727 9864
3726 9864
3726 9864
3721 9865
3729 9864
3717 9866
3716 9867
3714 9868
3713 9868
3709 9868
3714 9867
3712 9867
3719 9865
3713 9866
3735 9859
3720 9863
3718 9863
3709 9865
3708 9867
3706 9866
3704 9867
3701 9867
3702 9867
3688 9870
3680 9873
3687 9871
3693 9870
3692 9870
3708 9867
3706 9867
3695 9871
3693 9872
3685 9874
3683 9874
3683 9874
3671 9877
3665 9879
3666 9878
3663 9880
3660 9881
3656 9881
3665 9878
3662 9880
3662 9879
3661 9880
3664 9879
3656 9882
3655 9882
3654 9881
3653 9882
3659 9879
3664 9879
3666 9878
3651 9883
3651 9879
3664 9880
3669 9879
3669 9880
3669 9880
3650 9885
3681 9877
3696 9876
3698 9877
3701 9876
3699 9877
3692 9879
3679 9883
3681 9883
3677 9884
3677 9883
3670 9889
3670 9888
3670 9887
3678 9887
3673 9888
3669 9887
3689 9884
3681 9885
3686 9883
3691 9877
3694 9879
3692 9871
3695 9872
3712 9871
3713 9868
3714 9863
3706 9873
3702 9875
3702 9875
3720 9867
3719 9869
3719 9870
3724 9864
3726 9868
3731 9865
3735 9864
3737 9864
3737 9864
3737 9863
3698 9874
3703 9872
3704 9872
3686 9878
3690 9876
3677 9882
3678 9880
3666 9885
3656 9887
3657 9887
3653 9890
3647 9891
3655 9891
3650 9892
3639 9897
3636 9894
3639 9892
3623 9898
3619 9898
3617 9899
3620 9877
3612 9900
3594 9906
3595 9907
3593 9906
3589 9905
3590 9902
3594 9904
3594 9905
3600 9903
3595 9902
3600 9903
3614 9897
3616 9894
3626 9893
3636 9889
3638 9885
3638 9885
3638 9885
3639 9885
3637 9892
3638 9892
3620 9895
3616 9896
3612 9896
3599 9895
3597 9896
3596 9897
3596 9897
3623 9890
3634 9888
3637 9886
3638 9887
3613 9891
3612 9890
3611 9891
3606 9892
3593 9895
3587 9898
3587 9898
3616 9899
3585 9899
3582 9899
3580 9900
3582 9899
3556 9907
3555 9908
3554 9909
3556 9908
3551 9910
3557 9910
3545 9913
3545 9913
3535 9917
3529 9919
3527 9920
3528 9920
3528 9921
3526 9921
3533 9919
3539 9918
3540 9917
3553 9911
3559 9908
3558 9908
3567 9906
3568 9906
3571 9905
3574 9903
3574 9902
3576 9903
3577 9902
3595 9900
3588 9899
3580 9902
3574 9906
3564 9909
3568 9908
3564 9909
3565 9909
3564 9910
3563 9910
3561 9911
3558 9912
3537 9909
3573 9907
3571 9911
3571 9911
3567 9912
3563 9912
3563 9912
3553 9918
3556 9917
3558 9916
3560 9917
3569 9912
3585 9908
3600 9903
3601 9902
3604 9901
3615 9897
3616 9897
3621 9896
3622 9895
3623 9895
3621 9893
3621 9893
3621 9894
3632 9891
3632 9891
3638 9889
3630 9891
3636 9890
3637 9889
3638 9889
3639 9888
3639 9905
3641 9903
3640 9904
3645 9903
3650 9901
3654 9899
3653 9899
3658 9897
3664 9896
3673 9894
3671 9894
3672 9893
3677 9893
3677 9892
3679 9891
3674 9894
3670 9894
3667 9895
3662 9897
3659 9897
3655 9899
3665 9896
3666 9895
3676 9893
3688 9890
3703 9887
3717 9882
3713 9885
3713 9884
3714 9884
3719 9883
3728 9881
3749 9875
3750 9875
3753 9874
3761 9872
3779 9868
3650 9900
3628 9906
3627 9906
3614 9909
3640 9902
3640 9903
3636 9884
3631 9907
3631 9906
3623 9907
3636 9906
3639 9908
3642 9906
3646 9907
3646 9906
3643 9904
3666 9900
3671 9901
3710 9890
3677 9895
3636 9905
3667 9901
3660 9904
3642 9911
3630 9913
3598 9919
3702 9914
3603 9914
3606 9913
3599 9916
3591 9916
3595 9915
3583 9918
3577 9918
3568 9921
3568 9921
3571 9920
3581 9916
3577 9918
3562 9922
3566 9924
3575 9917
3577 9918
3574 9918
3581 9899
3551 9928
3564 9923
3571 9918
3549 9913
3585 9914
3585 9916
3589 9913
3595 9913
3596 9912
3600 9912
3598 9913
3610 9909
3611 9909
3612 9909
3596 9912
3600 9910
3600 9910
3603 9909
3614 9904
3621 9901
3628 9902
3632 9902
3640 9899
3648 9897
3623 9906
3621 9906
3689 9889
3702 9885
3702 9887
3695 9888
3697 9888
3567 9929
3568 9928
3568 9930
3652 9910
3666 9905
3667 9907
3669 9907
3682 9899
3687 9899
3689 9900
3690 9901
3692 9899
3699 9895
3703 9895
3702 9898
3709 9894
3712 9894
3708 9891
3717 9886
3721 9886
3721 9886
3725 9885
3716 9886
3710 9884
3710 9887
3712 9886
3717 9886
3723 9883
3731 9880
3732 9980
3733 9881
3749 9876
3843 9879
3779 9868
3782 9867
3783 9869
3783 9868
3782 9868
3806 9868
3787 9868
3801 9865
3805 9864
3793 9866
3818 9862
3796 9862
3817 9863
3783 9870
3794 9870
3793 9869
3785 9871
3817 9863
3792 9865
3804 9867
3821 9866
3782 9865
3787 9865
3808 9867
3787 9867
3782 9872
3817 9868
3827 9866
3774 9872
3789 9875
3797 9874
3770 9876
3769 9877
3768 9879
3771 9878
3771 9878
3771 9878
3757 9881
3728 9891
3751 9886
3742 9890
3736 9893
3730 9894
3785 9880
3784 9831
3817 9871
3817 9875
3821 9875
3822 9875
3820 9874
3826 9874
3820 9876
3822 9876
3822 9876
3801 9879
3776 9885
3754 9888
3750 9893
3742 9895
3717 9896
3730 9899
3727 9900
3760 9897
3706 9897
3700 9899
3699 9900
3708 9900
3702 9905
3698 9907
3711 9899
3680 9911
3670 9916
3677 9914
3649 9926
3674 9921
3653 9926
3658 9927
3621 9924
3623 9923
3612 9926
3608 9929
3663 9911
3663 9911
3666 9910
3671 9908
3673 9907
3674 9908
3678 9906
3660 9911
3658 9909
3659 9909
3661 9910
3667 9908
3672 9906
3677 9904
3677 9904
3752 9896
3759 9894
3761 9894
3773 9890
3774 9889
3756 9895
3759 9895
3794 9883
3809 9881
3831 9873
3862 9866
3860 9868
3862 9866
3844 9872
3847 9871
3847 9870
3849 9870
3843 9873
3843 9873
3842 9873
3843 9873
3844 9872
3842 9872
3844 9873
3837 9874
3833 9876
3830 9877
3828 9879
3848 9873
3849 9872
3850 9872
3850 9873
3848 9873
3851 9872
3853 9872
3858 9871
3854 9871
3867 9870
3864 9871
3865 9872
3866 9871
3864 9873
3843 9877
3837 9879
3827 9879
3826 9881
3824 9881
3822 9882
3822 9882
3815 9883
3817 9883
3848 9877
3850 9876
3848 9876
3847 9879
3842 9879
3842 9880
3869 9873
3871 9872
3878 9869
3877 9870
3880 9870
3879 9870
3881 9871
3874 9872
3884 9868
3886 9867
3889 9868
3889 9869
3891 9868
3876 9871
3873 9872
3860 9875
3852 9877
3864 9872
3842 9880
3838 9881
3830 9882
3828 9883
3835 9882
3830 9882
3829 9882
3820 9884
3819 9884
3818 9885
3816 9885
3817 9885
3816 9885
3825 9884
3824 9884
3823 9883
3825 9883
3827 9883
3818 9885
3817 9885
3813 9885
3812 9886
3818 9885
3822 9884
3821 9886
3824 9884
3816 9888
3807 9887
3804 9889
3806 9889
3814 9886
3806 9889
3799 9890
3790 9891
3803 9888
3798 9888
3796 9890
3796 9890
3785 9892
3784 9891
3786 9891
3780 9892
3781 9890
3777 9892
3774 9892
3775 9893
3771 9893
3770 9893
3768 9894
3765 9893
3760 9895
3765 9894
3767 9894
3761 9895
3771 9893
3772 9894
3756 9899
3740 9903
3735 9903
3717 9907
3718 9908
3717 9908
3719 9909
3721 9908
3722 9907
3721 9909
3720 9909
3725 9909
3723 9909
3722 9908
3725 9907
3728 9907
3729 9906
3730 9906
3732 9906
3751 9900
3750 9899
3751 9898
3752 9897
3752 9897
3750 9899
3735 9904
3730 9905
3736 9903
3739 9900
3743 9899
3747 9898
3732 9905
3729 9905
3716 9908
3714 9908
3717 9907
3720 9906
3710 9909
3713 9910
3704 9912
3684 9914
3679 9918
3703 9914
3668 9921
3671 9921
3672 9922
3680 9921
3680 9921
3682 9920
3684 9919
3670 9922
3670 9923
3671 9924
3663 9925
3658 9927
3637 9933
3633 9934
3621 9938
3654 9927
3653 9928
3698 9918
3662 9923
3672 9922
3688 9918
3708 9912
3708 9912
3710 9911
3723 9908
3723 9907
3708 9911
3698 9914
3695 9917
3694 9917
3693 9917
3694 9917
3700 9913
3702 9914
3704 9913
3705 9912
3707 9913
3708 9912
3705 9913
3695 9914
3683 9918
3695 9914
3694 9918
3695 9917
3685 9920
3686 9921
3678 9921
3675 9922
3662 9925
3662 9926
3652 9928
3654 9928
3660 9926
3663 9925
3657 9928
3686 9925
3671 9923
3670 9923
3678 9921
3676 9921
3689 9916
3688 9917
3683 9917
3679 9919
3676 9921
3685 9917
3687 9925
3686 9916
3689 9914
3696 9913
3664 9923
3663 9925
3654 9926
3658 9925
3644 9928
3641 9928
3644 9927
3630 9932
3633 9931
3622 9935
3614 9940
3602 9943
3603 9943
3610 9941
3608 9942
3622 9936
3624 9937
3600 9945
3593 9947
3591 9948
3591 9946
3564 9958
3570 9959
3568 9960
3584 9957
3576 9955
3588 9953
3600 9947
3621 9939
3622 9938
3618 9941
3623 9940
3637 9936
3637 9934
3619 9940
3612 9942
3613 9942
3618 9941
3615 9942
3614 9942
3620 9941
3622 9940
3626 9938
3624 9939
3627 9939
3621 9940
3622 9940
3625 9939
3625 9937
3630 9939
3637 9936
3636 9936
3650 9934
3650 9928
3667 9925
3646 9932
3614 9943
3618 9943
3613 9944
3600 9947
3622 9941
3622 9942
3620 9942
3621 9942
3624 9941
3596 9948
3594 9950
3621 9951
3589 9951
3583 9953
3574 9957
3570 9962
3573 9962
3570 9960
3585 9954
3572 9960
3567 9960
3565 9961
3546 9968
3656 9930
3648 9933
3643 9933
3641 9935
3642 9935
3627 9932
3636 9937
3633 9936
3616 9941
3641 9935
3641 9932
3615 9941
3611 9943
3609 9941
3611 9946
3610 9946
3603 9948
3613 9946
3609 9946
3610 9945
3612 9945
3615 9943
3615 9943
3613 9944
3609 9946
3610 9946
3610 9945
3611 9950
3613 9955
3556 9956
3547 9959
3552 9963
3548 9966
3549 9965
3546 9962
3540 9969
3540 9967
3544 9961
3548 9956
3542 9956
3533 9971
3533 9971
3531 9970
3530 9972
3532 9972
3530 9972
3531 9974
3553 9962
3565 9956
3567 9956
3566 9956
3561 9957
3570 9954
3574 9953
3572 9954
3575 9953
3573 9953
3581 9951
3602 9943
3599 9944
3605 9941
3589 9946
3581 9950
3575 9950
3604 9942
3616 9938
3616 9937
3616 9936
3609 9932
3619 9930
3618 9931
3610 9933
3604 9936
3604 9936
3601 9938
3595 9939
3592 9940
3598 9939
3593 9939
3591 9939
3591 9939
3590 9938
3592 9937
3593 9936
3593 9935
3582 9939
3585 9939
3583 9940
3584 9940
3587 9937
3576 9940
3564 9946
3551 9950
3547 9953
3540 9956
3553 9952
3554 9952
3544 9956
3543 9958
3545 9959
3547 9957
3562 9950
3562 9951
3568 9947
3570 9947
3574 9945
3577 9944
3579 9944
3570 9945
3574 9943
3576 9941
3577 9942
3575 9942
3575 9941
3573 9943
3551 9958
3549 9958
3542 9961
3537 9964
3529 9968
3528 9969
3527 9969
3527 9968
3509 9978
3515 9976
3517 9977
3529 9971
3530 9970
3541 9963
3542 9963
3558 9956
3566 9951
3546 9964
3551 9963
3554 9962
3561 9956
3558 9956
3557 9960
3556 9958
3475 9984
3874 9985
3493 9976
3494 9976
3512 9965
3497 9973
3497 9972
3480 9978
3499 9970
3480 9977
3473 9983
3470 9985
3464 9988
3447 9997
3444 9999
3443 10000
3443 9999
3441 10000
3438 10001
3440 10000
3443 10003
3445 10002
3450 9999
3453 9998
3455 9998
3457 9996
3458 9996
3451 9999
3446 10003
3452 9999
3459 9995
3462 9994
3463 9994
3471 9993
3447 9996
3447 9990
3462 9988
3460 9988
3463 9987
3469 9985
3481 9978
3481 9979
3485 9976
3485 9976
3489 9977
3479 9982
3479 9981
3479 9980
3479 9980
3479 9982
3479 9980
3480 9979
3504 9978
3462 9984
3468 9983
3472 9980
3474 9978
3469 9981
3465 9984
3457 9988
3439 9994
3440 9994
3445 9992
3453 9987
3457 9984
3455 9982
3454 9983
3439 9991
3438 9991
3440 9990
3435 9991
3442 9988
3438 9988
3437 9992
3432 9993
3431 9995
3427 9997
3441 9988
3442 9988
3444 9986
3449 9984
3453 9983
3451 9980
3457 9979
3458 9980
3456 9976
3468 9973
3471 9972
3476 9973
3469 9975
3474 9973
3476 9973
3475 9973
3464 9980
3463 9981
3471 9976
3471 9977
3419 10005
3418 10004
3418 10003
3414 10005
3412 10005
3416 10006
3484 9959
3489 9957
3497 9954
3500 9952
3501 9953
3503 9952
3504 9951
3511 9945
3510 9946
3523 9939
3532 9933
3502 9947
3512 9943
3509 9944
3528 9933
3529 9933
3496 9952
3477 9960
3478 9958
3472 9962
3462 9969
3468 9966
3468 9963
3467 9963
3466 9962
3464 9965
3462 9963
3484 9953
3491 9948
3495 9946
3503 9946
3506 9944
3509 9929
3509 9929
3507 9933
3511 9929
3512 9930
3513 9931
3513 9931
3503 9944
3505 9947
3520 9949
3493 9935
3493 9938
3491 9937
3488 9939
3483 9942
3481 9943
3462 9951
3465 9949
3462 9951
3490 9946
3488 9947
3485 9948
3493 9947
3497 9946
3496 9946
3492 9947
3477 9953
3480 9950
3486 9946
3490 9945
3475 9951
3469 9952
3471 9952
3467 9954
3464 9956
3465 9956
3466 9953
3463 9954
3463 9955
3460 9957
3472 9951
3473 9950
3480 9947
3482 9945
3482 9946
3490 9941
3494 9939
3500 9937
3498 9938
3495 9940
3496 9940
3497 9938
3505 9936
3503 9936
3493 9940
3474 9949
3468 9952
3468 9952
3475 9947
3472 9948
3459 9951
3459 9949
3448 9959
3451 9958
3455 9956
3448 9960
3443 9962
3443 9963
3440 9962
3439 9963
3439 9962
3431 9968
3434 9967
3422 9971
3421 9974
3416 9976
3418 9975
3416 9977
3426 9975
3426 9975
3429 9972
3430 9972
3443 9966
3437 9969
3450 9964
3456 9962
3454 9962
3455 9961
3454 9962
3446 9965
3447 9963
3444 9963
3442 9965
3434 9969
3439 9968
3441 9966
3448 9963
3450 9961
3448 9962
3449 9962
3449 9961
3449 9961
3453 9960
3453 9960
3458 9957
3455 9958
3456 9958
3456 9957
3456 9958
3453 9961
3520 10011
3524 10010
3229 10007
3544 9999
3533 10006
3536 10004
3528 10004
3525 10006
3343 10005
3327 10015
3305 10027
3291 10032
3175 10038
3255 10045
3257 10045
3260 10044
3260 10043
3252 10046
3250 10046
3250 10047
3249 10048
3246 10047
3259 10042
3252 10045
3253 10045
3252 10045
3251 10046
3245 10047
3242 10048
3236 10053
3234 10051
3233 10051
3245 10048
3254 10048
3256 10045
3263 10043
3272 10039
3276 10038
3283 10036
3285 10035
3286 10034
3290 10033
3292 10033
3289 10032
3289 10035
3296 10030
3300 10028
3299 10030
3298 10028
3301 10028
3301 10029
3321 10020
3324 10019
3354 10025
3306 10028
3305 10027
3308 10027
3312 10026
3309 10027
3332 10017
3333 10016
3324 10022
3323 10023
3326 10019
3328 10019
3327 10019
3331 10018
3324 10023
3324 10024
3318 10026
3333 10020
3337 10019
3339 10019
3343 10018
3330 10026
3349 10020
3352 10019
3355 10015
3321 10030
3333 10029
3334 10029
3339 10025
3345 10024
3345 10023
3349 10022
3360 10017
3361 10017
3329 10031
3333 10031
3335 10031
3333 10033
3330 10033
3339 10029
3341 10028
3333 10034
3336 10033
3338 10030
3340 10031
3345 10027
3345 10027
3348 10026
3350 10024
3370 10023
3363 10023
3366 10022
3364 10021
3364 10022
3371 10018
3371 10017
3371 10018
3362 10019
3361 10020
3365 10020
3381 10009
3382 10010
3379 10010
3379 10089
3364 10016
3374 10010
3389 10003
3390 10002
3392 10000
3395 9997
3398 9995
3398 9996
3380 10004
3371 10009
3366 10008
3365 10001
3358 10011
3357 10012
3356 10012
3351 10012
3353 10011
3356 10010
3368 10007
3391 9997
3388 9999
3386 10000
3383 10000
3384 9999
3340 10033
3340 10033
3342 10032
3337 10033
3339 10032
3343 10030
3328 10038
3325 10040
3317 10040
3325 10034
3331 10032
3338 10029
3306 10043
3308 10044
3304 10044
3302 10044
3295 10046
3287 10050
3281 10051
3278 10054
3287 10049
3287 10049
3288 10049
3273 10053
3273 10052
3272 10052
3272 10052
3273 10051
3267 10051
3267 10055
3259 10055
3255 10060
3263 10054
3272 10053
3245 10058
3252 10051
3214 10054
3231 10064
3223 10063
3212 10068
3203 10071
3233 10068
3216 10070
3209 10064
3217 10071
3201 10067
3231 10070
3231 10069
3236 10068
3251 10069
3243 10068
3256 10066
3250 10067
3266 10040
3258 10057
3252 10059
3258 10056
3259 10045
3257 10061
3252 10066
3253 10065
3249 10066
3250 10067
3250 10067
3249 10068
3254 10066
3251 10065
3258 10063
3261 10063
3267 10062
3270 10059
3271 10059
3274 10059
3274 10059
3274 10059
3275 10059
3274 10057
3271 10057
3269 10060
3272 10059
3270 10059
3281 10056
3277 10057
3276 10058
3290 10051
3297 10048
3206 10045
3311 10042
3299 10048
3298 10049
3297 10049
3314 10043
3320 10041
3322 10043
3342 10034
3339 10037
3338 10039
3346 10033
3356 10031
3359 10032
3360 10032
3345 10037
3344 10037
3336 10038
3325 10045
3339 10040
3339 10042
3333 10044
3318 10050
3314 10049
3316 10051
3340 10041
3344 10039
3347 10038
3346 10039
3351 10036
3354 10031
3351 10028
3365 10029
3366 10027
3374 10026
3352 10033
3350 10033
3351 10039
3339 10036
3341 10043
3335 10044
3340 10041
3337 10043
3343 10035
3353 10042
3366 10041
3367 10041
3355 10040
3350 10040
3345 10044
3358 10035
3370 10015
3379 10018
3386 10019
3390 10014
3405 10001
3404 10017
3399 10020
3399 10015
3411 10005
3408 10004
3413 9999
3416 10007
3421 10006
3415 10010
3412 10004
3413 10012
3403 10012
3401 9998
3405 10013
3371 10027
3395 10022
3385 10026
3381 10028
3369 10034
3362 10039
3299 10057
3291 10060
3288 10062
3366 10037
3364 10038
3364 10036
3362 10036
3355 10037
3334 10020
3340 10022
3337 10025
3334 10029
3335 10029
3324 10022
3323 10021
3323 10028
3323 10028
3325 10032
3320 10033
3309 10033
3323 10036
3316 10038
3334 10039
3338 10040
3328 10043
3323 10046
3336 10046
3303 10055
3308 10048
3300 10044
3295 10046
3282 10042
3283 10044
3284 10045
3256 10042
3257 10048
3257 10046
3256 10048
3254 10049
3253 10049
3253 10046
3243 10052
3246 10056
3237 10052
3243 10059
3243 10058
3232 10056
3234 10053
3229 10051
3231 10049
3233 10045
3233 10045
3228 10045
3225 10044
3226 10044
3247 10036
3254 10033
3264 10031
3256 10031
3280 10033
3266 10026
3284 10026
3285 10025
3292 10024
3307 10021
3323 10017
3452 10014
3460 10011
3462 10011
3497 10006
3467 10007
3475 10008
3468 10008
3473 10065
3478 10062
3490 9997
3494 9996
3497 9995
3467 10009
3467 10011
3445 10017
3406 10032
3449 10014
3459 10009
3453 10012
3451 10014
3471 10003
3481 10000
3478 10000
3472 10001
3471 10001
3476 10005
3470 10005
3459 10006
3454 10009
3451 10008
3455 10009
3453 10004
3451 10012
3442 10002
3432 10008
3423 10020
3421 10021
3415 10013
3404 10026
3402 10029
3373 10042
3420 10009
3428 10022
3451 10012
3431 10007
3416 10019
3397 10023
3383 10036
3387 10013
3385 10034
3402 10032
3400 10030
3402 10028
3405 10019
3375 10024
3412 10012
3422 10017
3421 10021
3423 10017
3427 10019
3429 10015
3428 10015
3429 10017
3429 10017
3435 10013
3447 10012
3439 10008
3438 10008
3443 10012
3445 10013
3443 10014
3446 10014
3440 10005
3480 9998
3462 10006
3471 10000
3475 9999
3479 9994
3449 10005
3456 10000
3460 10005
3466 10002
3470 9998
3471 9999
3476 9997
3476 9997
3481 9992
3484 9987
3488 9994
3483 9998
3480 9997
3480 9995
3487 9991
3487 9991
3498 9991
3497 9994
3491 9980
3489 9977
3490 9985
3497 10000
3465 9995
3482 9995
3484 9995
3546 9992
3499 9990
3499 9992
3502 9989
3498 9991
3492 9995
3491 9995
3490 9996
3488 9998
3490 9998
3487 9997
3479 10002
3478 10003
3492 9999
3505 9990
3505 9990
3505 9988
3510 9987
3510 9986
3509 9985
3507 9987
3502 9988
3498 9992
3513 9986
3501 9988
3496 9992
3490 9990
3498 9982
3501 9988
3500 9989
3504 9983
3500 9985
3503 9987
3508 9984
3513 9977
3516 9975
3527 9977
3529 9973
3527 9972
3528 9973
3530 9972
3518 9978
3519 9976
3534 9971
3517 9979
3518 9981
3524 9974
3529 9974
3529 9974
3517 9984
3528 9975
3529 9975
3529 9975
3532 9977
3534 9974
3525 9980
3518 9984
3401 10028
3396 10030
3393 10029
3395 10029
3406 10026
3409 10025
3405 10027
3407 10026
3411 10024
3401 10024
3407 10023
3464 10009
3461 10011
3450 10014
3457 10012
3455 10013
3454 10012
3448 10016
3437 10017
3431 10019
3436 10018
3435 10018
3426 10021
3433 10019
3434 10017
3439 10014
3449 10012
3452 10010
3461 10010
3470 10003
3473 10000
3494 9993
3496 9989
3497 9990
3497 9990
3503 9988
3501 9988
3494 9988
3492 9989
3483 9993
3479 9996
3476 9997
3478 9992
3471 9995
3465 9998
3473 9994
3479 9988
3482 9989
3499 9981
3509 9977
3498 9979
3501 9978
3504 9975
3508 9974
3508 9983
3514 9982
3497 9980
3469 9988
3462 9996
3451 10000
3453 10001
3453 10002
3458 9999
3447 10004
3444 10005
3443 10006
3436 10006
3438 10007
3433 10008
3426 10010
3426 10015
3421 10014
3429 10016
3428 10017
3444 10014
3469 10001
3483 9995
3483 9994
3419 10014
3410 10018
3402 10022
3402 10026
3404 10025
3409 10024
3409 10022
3408 10024
3415 10021
3418 10019
3420 10019
3424 10018
3425 10018
3427 10017
3398 10028
3407 10025
3409 10022
3428 10016
3446 10011
3424 10012
3413 10014
3405 10018
3410 10019
3414 10018
3406 10021
3402 10022
3400 10022
3396 10023
3396 10023
3385 10027
3365 10029
3356 10031
3345 10035
3339 10037
3338 10036
3370 10033
3378 10032
3378 10032
3390 10029
3390 10019
3385 10030
3388 10025
3392 10027
3369 10036
3365 10037
3360 10040
3357 10040
3426 10024
3429 10023
3409 10031
3402 10035
3402 10036
3391 10038
3389 10038
3385 10039
3385 10038
3379 10039
3373 10040
3371 10042
3369 10042
3370 10043
3369 10043
3363 10044
3364 10044
3389 10038
3394 10037
3396 10036
3396 10037
3396 10037
3399 10035
3354 10052
3356 10053
3409 10054
3350 10056
3350 10056
3376 10057
3341 10058
3343 10059
3341 10058
3394 10060
3331 10061
3332 10061
3326 10061
3324 10062
3322 10063
3310 10065
3309 10064
3314 10067
3311 10070
3310 10070
3246 10070
3244 10071
3241 10071
3240 10071
3240 10072
3225 10073
3241 10070
3236 10070
4236 10068
3232 10070
3230 10069
3235 10068
3237 10067
3272 10058
3307 10058
3296 10060
3299 10062
3270 10071
3269 10072
3268 10073
3263 10074
3260 10074
3260 10074
3260 10073
3263 10073
3257 10074
3257 10073
3256 10079
3253 10075
3252 10075
3251 10076
3250 10077
3248 10076
3249 10078
3247 10077
3246 10078
3246 10078
3243 10078
3243 10078
3243 10079
3244 10079
3243 10079
3243 10079
3240 10080
3239 10079
3238 10080
3232 10081
3229 10084
3256 10076
3257 10077
3257 10076
3256 10078
3254 10079
3256 10079
3256 10079
3253 10079
3249 10079
3250 10081
3250 10078
3252 10078
3241 10079
3236 10080
3230 10082
3229 10081
3228 10084
3228 10084
3228 10083
3229 10083
3225 10085
3224 10084
3222 10084
3222 10084
3219 10087
3219 10085
3215 10084
3212 10086
3192 10086
3211 10086
3211 10083
3202 10086
3202 10087
3196 10088
3195 10089
3193 10088
3191 10089
3194 10087
3199 10085
3198 10086
3197 10086
3192 10086
3218 10077
3215 10078
3212 10077
3220 10076
3218 10074
3212 10075
3211 10074
3219 10071
3225 10070
3224 10064
3220 10069
3217 10070
3211 10070
3214 10070
3215 10070
3209 10071
3219 10058
3218 10066
3218 10069
3220 10068
3224 10066
3221 10067
3217 10058
3221 10069
3230 10065
3232 10066
3237 10064
3236 10064
3243 10066
3256 10055
3256 10054
3255 10054
3262 10055
3269 10050
3265 10055
3266 10055
3279 10049
3277 10063
3224 10063
3208 10066
3216 10064
3217 10063
3196 10067
3185 10071
3175 10072
3181 10065
3181 10065
3188 10059
3158 10081
3161 10076
3147 10066
3252 10066
3154 10076
3151 10070
3146 10083
3109 10082
3152 10080
3151 10081
3143 10072
3135 10084
3184 10083
3128 10081
3126 10086
3137 10073
3133 10072
3119 10086
3116 10081
3119 10086
3102 10081
3109 10094
3096 10085
3092 10081
3089 10093
3090 10096
3085 10087
3084 10090
3086 10098
3081 10094
3093 10083
3105 10096
3094 10094
3074 10076
3056 10076
3095 10078
3106 10091
3105 10090
3105 10094
3130 10097
3093 10099
3104 10087
3104 10088
3103 10098
3100 10097
3125 10096
3101 10099
3094 10099
3094 10099
3124 10092
3137 10082
3111 10093
3145 10080
3112 10094
3116 10093
3129 10086
3121 10089
3128 10094
3131 10095
3128 10095
3128 10089
3141 10078
3135 10087
3137 10089
3166 10080
3163 10079
3158 10081
3167 10082
3163 10082
3179 10077
3172 10080
3182 10075
3176 10074
3165 10078
3178 10062
3182 10074
3185 10072
3207 10065
3202 10067
3203 10067
3201 10076
3206 10068
3207 10068
3211 10067
3206 10068
3198 10069
3191 10074
3189 10076
3186 10077
3185 10076
3184 10076
3170 10080
3170 10081
3166 10082
3158 10084
3157 10086
3189 10077
3181 10077
3184 10076
3183 10082
3198 10074
3175 10087
3174 10088
3168 10088
3166 10087
3165 10086
3161 10083
3160 10085
3160 10085
3154 10087
3154 10088
3155 10087
3158 10088
3151 10089
3151 10089
3150 10090
3144 10089
3134 10090
3145 10085
3146 10086
3149 10085
3147 10084
3124 10092
3103 10095
3098 10097
3098 10100
3088 10101
3081 10100
3084 10107
3084 10107
3100 10102
3102 10102
3103 10102
3104 10103
3106 10101
3106 10101
3110 10101
3108 10101
3111 10100
3112 10098
3110 10099
3117 10098
3120 10097
3129 10092
3126 10096
3114 10101
3132 10097
3141 10095
3135 10096
3141 10096
3131 10100
3138 10098
3141 10094
3128 10101
3128 10100
3155 10093
3170 10091
3174 10091
3179 10090
3180 10089
3182 10089
3189 10087
3194 10085
3190 10085
3195 10087
3201 10085
3200 10086
3198 10086
3210 10084
3211 10084
3211 10084
3211 10083
3213 10085
3217 10084
3219 10085
3220 10084
3221 10084
3223 10087
3224 10082
3227 10082
3227 10083
3228 10083
3230 10082
3229 10082
3239 10080
3231 10084
3227 10085
3226 10084
3224 10086
3222 10085
3222 10086
3219 10087
3221 10087
3146 10098
3122 10004
3122 10004
3125 10003
3122 10004
3119 10005
3120 10106
3118 10106
3116 10107
3126 10104
3107 10108
3106 10110
3105 10110
3104 10110
3112 10107
3107 10108
3101 10110
3115 10104
3113 10105
3112 10105
3109 10105
3105 10106
3107 10106
3106 10107
3096 10109
3091 10109
3086 10111
3089 10109
3082 10109
3078 10110
3079 10111
3079 10111
3079 10112
3074 10112
3071 10113
3096 10112
3096 10112
3095 10112
3099 10114
3102 10113
3115 10112
3122 10110
3121 10109
3124 10109
3125 10109
3125 10110
3132 10108
3131 10107
3128 10106
3190 10097
3178 10000
3168 10001
3161 10099
3170 10098
3171 10097
3170 10097
3165 10095
3152 10096
3089 10091
3189 10091
3189 10092
3091 10093
3194 10092
3200 10092
3228 10092
3204 10093
3199 10096
3200 10096
3200 10097
3222 10091
3216 10092
3219 10092
3219 10091
3213 10093
3214 10094
3227 10087
3230 10085
3238 10084
3237 10086
3236 10087
3236 10086
3252 10080
3249 10085
3250 10082
3253 10084
3258 10084
3258 10083
3259 10083
3262 10082
3264 10082
3266 10082
3271 10080
3273 10078
3278 10086
3269 10089
3269 10090
3267 10090
3258 10093
3258 10095
3260 10093
3252 10098
3252 10098
3241 10096
3245 10094
3251 10094
3252 10096
3255 10093
3253 10095
3255 10096
3254 10092
3252 10089
3251 10090
3251 10092
3239 10097
3237 10095
3231 10092
3234 10093
3226 10093
3213 10097
3199 10101
3195 10102
3194 10102
3192 10106
3188 10106
3189 10106
3189 10105
3191 10105
3197 10106
3196 10106
3194 10106
3191 10106
3189 10108
3189 10110
3177 10110
3172 10110
3159 10114
3153 10112
3153 10116
3143 10116
3178 10111
3165 10111
3179 10113
3177 10112
3178 10112
3200 10105
3206 10103
3207 10102
3211 10104
3215 10102
3217 10102
3220 10100
3218 10101
3213 10104
3222 10102
3224 10104
3220 10105
3226 10103
3220 10107
3221 10107
3227 10105
3235 10102
3208 10109
3206 10109
3203 10110
3205 10111
3209 10110
3210 10110
3208 10110
3203 10110
3204 10111
3205 10110
3202 10111
3194 10112
3206 10111
3208 10110
3207 10110
3209 10110
3210 10109
3213 10109
3216 10108
3215 10108
3221 10106
3218 10107
3218 10106
3219 10107
3219 10107
3216 10108
3215 10109
3246 10100
3243 10099
3241 10102
3237 10103
3235 10104
3233 10105
3233 10105
3234 10105
3234 10105
3230 10106
3228 10106
3230 10107
3229 10107
3229 10108
3229 10107
3228 10107
3232 10108
3228 10108
3227 10107
3224 10109
3224 10107
3225 10109
3224 10108
3223 10110
3223 10109
3221 10110
3218 10110
3217 10109
3217 10110
3217 10110
3217 10109
3217 10109
3211 10110
3213 10112
3210 10112
3209 10112
3206 10112
3207 10113
3208 10112
3208 10110
3208 10110
3196 10114
3192 10113
3191 10117
3249 10115
3244 10102
3248 10101
3263 10093
3280 10087
3296 10084
3281 10091
3286 10093
3283 10091
3282 10089
3287 10086
3299 10079
3296 10081
3297 10079
3300 10078
3300 10078
3302 10078
3308 10073
3312 10071
3304 10072
3302 10073
3300 10075
3289 10079
3307 10073
3309 10072
3310 10072
3311 10070
3310 10073
3310 10074
3308 10073
3308 10073
3308 10073
3310 10073
3311 10072
3312 10072
3311 10071
3319 10066
3331 10061
3327 10063
3334 10063
3320 10072
3316 10071
3316 10071
3316 10071
3346 10071
3323 10071
3324 10070
3325 10070
3326 10070
3320 10073
3324 10069
3313 10074
3327 10070
3327 10069
3331 10068
3342 10065
3337 10064
3335 10064
3330 10066
3329 10066
3321 10070
3300 10079
3292 10081
3293 10080
3301 10077
3301 10077
3306 10074
3310 10073
3301 10075
3300 10076
3298 10077
3296 10078
3297 10078
3283 10085
3281 10086
3281 10085
3276 10087
3270 10089
3266 10090
3268 10089
3269 10089
3270 10089
3275 10087
3275 10087
3262 10092
3248 10095
3246 10096
3246 10096
3236 10098
3236 10097
3241 10096
3228 10098
3239 10095
3240 10098
3249 10096
3266 10090
3270 10091
3269 10090
3270 10086
3283 10081
3280 10082
3270 10085
3242 10090
3241 10090
3197 10104
3195 10005
3194 10006
3177 10110
3173 10110
3171 10111
3169 10113
3184 10109
3178 10109
3171 10107
3144 10111
3167 10110
3170 10112
3168 10111
3165 10115
3153 10115
3153 10116
3144 10117
3144 10122
3140 10120
3193 10105
3198 10095
3195 10103
3195 10103
3218 10098
3237 10090
3234 10085
3236 10088
3230 10091
3223 10089
3228 10092
3240 10087
3245 10090
3251 10078
3244 10087
3246 10089
3256 10077
3244 10088
3269 10072
3274 10072
3261 10077
3261 10082
3262 10084
3267 10085
3268 10079
3274 10077
3280 10078
3282 10076
3298 10073
3298 10074
3300 10073
3300 10073
3296 10076
3293 10076
3278 10081
3276 10082
3268 10084
3263 10085
3261 10085
3258 10087
3255 10087
3255 10084
3140 10083
3225 10095
3224 10098
3228 10095
3217 10098
3215 10099
3215 10099
3206 10101
3214 10100
3215 10099
3171 10100
3170 10100
3170 10101
3175 10100
3153 10106
3149 10110
3143 10109
3142 10109
3140 10109
3135 10109
3118 10115
3121 10115
3102 10118
3099 10116
3097 10116
3103 10115
3109 10114
3099 10116
3097 10116
3095 10116
3094 10116
3091 10117
3109 10114
3109 10115
3111 10113
3112 10110
3116 10111
3104 10114
3094 10115
3080 10117
3075 10117
3077 10116
3075 10116
3083 10114
3086 10114
3086 10113
3087 10113
3090 10113
3069 10117
3064 10119
3074 10116
3059 10120
3062 10119
3064 10117
3059 10119
3058 10118
3055 10117
3093 10104
3086 10112
3085 10112
3079 10112
3076 10112
3071 10114
3035 10118
3053 10115
3049 10115
3049 10114
3059 10113
3032 10117
3032 10117
3037 10119
3038 10115
3041 10114
3060 10112
3061 10113
3068 10110
3110 10102
3111 10102
3107 10103
3106 10104
3109 10103
2836 10092
3139 10092
3151 10085
3152 10086
3147 10086
3144 10089
3208 10089
3208 10088
3158 10088
3162 10088
3173 10084
3179 10084
3178 10082
3190 10075
3184 10075
3197 10071
