73
175 438
107 403
64 296
97 178
193 108
288 84
413 111
428 171
418 264
400 368
337 421
273 445
210 447
161 421
121 387
87 331
75 281
102 317
130 362
160 395
182 413
219 430
248 430
308 416
341 399
378 372
387 351
335 380
298 397
269 406
237 411
200 408
166 391
193 386
200 424
222 416
239 447
285 427
321 433
143 409
143 386
100 372
111 344
121 375
121 409
139 396
137 430
83 338
348 388
361 394
389 394
376 362
319 399
254 377
238 397
206 394
153 362
130 332
100 302
77 308
86 220
135 128
248 86
372 91
432 142
422 213
426 311
406 339
412 352
372 429
365 408
349 430
176 374
