50
e 4 4  -1 4  3 4  -5 4
s -4 1 -5 4
f 3 3  2 -1
e 3 3  7 2   4 2  10 2
f 1 1  -7 -2
e 1 1  -5 0  -6 0 -4 0
e 4 4  -4 0  0 0 -8 0
s 0 8 -8 0
s 6 -1 -8 0
e 4 4  -3 -1  1 -1 -7 -1
s -8 -4 -7 -1
f 1 1  7 -1
s -4 8 -7 -1
e 3 3  6 -2  3 -2 9 -2
e 3 3  0 2   -3 2 3 2
f 3 3  7 6
s -2 3 3 2
s 7 -2 3 2
s 4 8 3 2
f 2 2  3 5
e 3 3  -1 4  2 4 -4 4
f 4 4  -4 6
s 0 2 -4 4
s 0 -4 -4 4
s -1 -5 -4 4
e 2 2  -6 -4  -4 -4 -8 -4
e 2 2  7 2  9 2 5 2
f 3 3  -2 -2
s -7 5 5 2
s 9 -7 5 2
f 4 4  -5 -2
e 3 3  3 6  6 6 0 6
s -8 -6 0 6
s 2 4 0 6
s -5 7 0 6
s 8 -6 0 6
s -6 -5 0 6
f 2 2  7 4
f 3 3  1 0
s -3 8 0 6
f 3 3  6 3
s 9 6 0 6
e 4 4  8 3  12 3 4 3
e 4 4  0 -3  4 -3 -4 -3
s 3 -4 -4 -3
e 1 1  -2 -1  -3 -1 -1 -1
f 3 3  -4 2
e 3 3  -3 1  -6 1 0 1
f 2 2  2 6
f 1 1  6 0
