33
85.3 7.2 70.2 1.2
10.5 30.5 10.7 50.2
55.7 55.9 42.7 47.2
99.9 99.9 11.1 11.1
32 2.334.5 85.4
0.7 0.5 10.7 10.7
0.7 10.5 10.5 0.5
10.7 2.5 0.7 2.5
10.7 7.5 0.7 7.5
42.3 50 22.7 30
78.2 0.2 80.4 90.4
15.2 43.9 90.2 90.2
0 50 90 50
32.7 63.8 52.8 75.6
20.5 20.5 50.5 50.6
30.5 30.5 70.5 40.5
25.7 80.3 95.1 10.7
28 3 45.2 10.3
35 3 36 15
40 17 42 4
52 4 68 20
55 2 57 15
60 2 62 15
1 17 95 17
30 20 60 25
12 70 14 80
17 71 16 95
30 25 60 20
0 65 30 65
0 75 40 75
0 85.3 50 85.5
0 87 98 87
50 0 50 99
