305 
680 160
400 220
480 230
520 210
430 210
450 210
460 200
470 180
350 200
70 710
90 700
60 690
80 660
120 650
100 630
70 620
170 620
180 640
180 660
200 630
200 660
240 640
270 610
200 600
260 580
240 580
250 550
240 530
270 540
330 610
290 570
320 580
360 590
390 580
420 590
440 580
530 580
490 560
460 560
510 540
310 540
330 560
350 550
380 550
400 540
430 540
450 540
500 540
560 620
570 610
630 640
630 600
600 590
620 590
570 630
490 640
80 760
90 750
80 740
100 730
120 730
160 720
180 710
160 710
110 700
130 700
210 710
250 700
240 690
240 670
245 655
270 700
270 690
260 680
250 670
280 670
260 640
275 640
290 640
310 660
310 640
325 645
330 630
350 670
340 655
345 645
350 630
360 650
360 670
370 680
370 650
370 640
385 650
385 635
400 645
410 640
400 630
390 620
400 620
415 625
420 640
475 465
435 635
450 645
475 630
430 620
455 625
445 610
475 620
470 610
490 610
500 620
490 660
500 655
505 650
515 650
525 650
535 645
545 645
555 640
510 630
520 620
530 630
530 600
600 560
580 555
550 540
540 530
520 210
500 505
680 510
640 520
600 520
560 500
610 480
580 480
600 460
560 450
510 470
520 450
490 440
470 460
440 460
400 440
420 460
380 450
400 440
370 420
360 440
330 450
300 440
330 430
310 400
280 380
240 380
240 360
340 370
320 350
290 350
340 340
280 320
260 300
320 300
290 290
240 280
210 260
230 240
270 250
300 260
330 270
350 310
370 340
380 300
370 260
260 200
280 200
300 200
320 200
310 150
400 150
450 150
530 150
540 170
570 150
660 150
650 160
680 190
660 200
410 370
420 340
440 330
410 300
470 300
500 320
480 340
490 370
520 370
540 390
570 380
570 400
550 330
530 310
560 300
600 360
600 400
620 410
660 410
650 360
640 390
680 400
690 380
680 350
590 300
580 260
600 230
620 330
630 290
620 270
680 270
700 290
710 310
710 330
710 350
820 280
850 290
880 280
840 270
860 250
810 260
830 240
790 230
820 210
850 210
830 190
790 180
810 160
800 140
840 160
860 170
890 160
840 120
880 130
910 140
930 160
970 210
1000 210
950 180
970 170
960 150
910 210
890 230
910 230
900 250
920 250
950 250
980 250
980 300
1010 340
1020 270
950 390
950 420
980 410
970 470
960 490
830 80
880 90
860 30
900 50
890 10
930 0
930 60
960 20
990 100
1020 80
1000 140
1010 180
1020 220
1050 250
1050 280
1000 290
930 280
940 320
980 330
1030 320
1060 330
930 350
1040 390
1070 390
1060 420
1090 450
1030 450
980 450
1020 490
1040 480
1070 49
990 500
1020 520
1060 530
1110 520
1090 550
1060 560
1000 540
1010 570
1030 610
930 490
