127
56.00 41.00
46.00 48.00
34.00 59.00
33.00 61.00
26.00 69.00
24.00 73.00
19.00 80.00
14.00 92.00
12.00 98.00
9.00 110.00
8.00 118.00
8.00 141.00
9.00 143.00
10.00 151.00
11.00 153.00
13.00 161.00
17.00 169.00
18.00 173.00
27.00 187.00
38.00 200.00
51.00 211.00
55.00 213.00
62.00 218.00
73.00 223.00
87.00 228.00
96.00 230.00
102.00 231.00
106.00 232.00
118.00 233.00
143.00 233.00
145.00 232.00
151.00 232.00
153.00 231.00
165.00 229.00
167.00 228.00
175.00 226.00
183.00 222.00
187.00 221.00
196.00 216.00
209.00 207.00
221.00 196.00
222.00 194.00
229.00 186.00
231.00 182.00
236.00 175.00
241.00 163.00
243.00 157.00
246.00 145.00
247.00 137.00
247.00 114.00
246.00 112.00
245.00 104.00
244.00 102.00
242.00 94.00
238.00 86.00
237.00 82.00
228.00 68.00
217.00 55.00
204.00 44.00
200.00 42.00
193.00 37.00
182.00 32.00
168.00 27.00
159.00 25.00
153.00 24.00
149.00 23.00
137.00 22.00
112.00 22.00
110.00 23.00
104.00 23.00
102.00 24.00
90.00 26.00
88.00 27.00
80.00 29.00
72.00 33.00
68.00 34.00
59.00 39.00
84.00 81.00
94.00 71.00
96.00 70.00
100.00 67.00
111.00 62.00
120.00 60.00
125.00 60.00
127.00 59.00
133.00 60.00
141.00 61.00
145.00 63.00
149.00 64.00
158.00 69.00
167.00 77.00
175.00 86.00
180.00 95.00
183.00 101.00
186.00 113.00
187.00 119.00
187.00 139.00
186.00 141.00
185.00 148.00
183.00 152.00
182.00 156.00
177.00 166.00
171.00 174.00
161.00 184.00
159.00 185.00
155.00 188.00
144.00 193.00
135.00 195.00
130.00 195.00
128.00 196.00
122.00 195.00
114.00 194.00
110.00 192.00
106.00 191.00
97.00 186.00
88.00 178.00
80.00 169.00
75.00 160.00
72.00 154.00
69.00 142.00
68.00 136.00
68.00 116.00
69.00 114.00
70.00 107.00
72.00 103.00
73.00 99.00
78.00 89.00