206 
39 498
57 502
70 496
606 495
25 492
54 492
61 494
78 494
85 494
101 485
114 487
119 487
126 490
140 488
148 493
598 485
623 492
34 481
163 480
169 475
184 483
194 478
337 482
354 478
590 477
621 480
25 471
196 467
211 466
224 474
234 466
244 468
246 474
259 465
267 466
277 474
289 469
298 466
309 472
316 467
333 466
363 465
367 465
576 474
633 465
17 458
383 455
394 456
578 456
617 459
20 452
366 451
413 454
423 450
432 449
441 447
567 452
612 449
20 439
380 436
391 439
399 444
427 439
562 440
606 440
17 426
433 431
453 431
456 431
537 433
545 425
605 433
17 417
424 422
435 423
459 421
532 421
607 415
10 414
419 406
438 412
460 413
469 406
524 410
609 412
13 396
415 401
444 403
482 399
519 395
603 395
13 385
417 390
439 386
479 393
512 385
585 392
-5 379
415 380
439 384
478 381
487 379
499 380
584 378
-2 367
419 371
431 368
585 367
10 356
576 361
11 345
582 353
9 342
579 335
16 331
567 333
20 319
574 320
23 314
568 306
22 299
582 302
25 290
571 293
31 280
560 284
34 268
547 270
42 259
45 263
553 263
48 248
543 248
58 237
68 241
77 241
539 237
85 225
525 229
536 233
103 221
106 224
171 222
176 220
188 218
526 219
122 209
132 209
144 212
150 205
164 209
202 213
525 208
214 204
452 197
525 197
206 192
430 189
444 192
455 193
469 190
484 189
493 188
535 193
216 184
259 183
363 175
370 178
377 183
387 181
415 176
504 177
511 177
536 181
221 173
230 169
243 166
249 171
269 173
343 172
350 172
404 167
410 170
420 171
517 174
545 172
274 158
342 156
522 163
553 155
279 149
332 148
524 149
548 146
275 140
320 138
530 142
547 139
286 127
296 132
319 130
525 126
538 131
301 124
305 117
321 119
