0.21658 0.688199
0.225464 0.697612
0.234416 0.706629
0.243414 0.71525
0.25244 0.723472
0.261474 0.731295
0.270497 0.738718
0.279488 0.745738
0.28843 0.752355
0.297301 0.758568
0.306083 0.764374
0.314756 0.769774
0.3233 0.774765
0.331697 0.779347
0.339925 0.783517
0.347967 0.787275
0.355802 0.79062
0.363411 0.79355
0.370775 0.796064
0.377873 0.798161
0.384686 0.799839
0.391196 0.801097
0.397381 0.801934
0.403224 0.802348
0.408703 0.802339
0.4138 0.801904
0.418496 0.801044
0.42277 0.799755
0.426603 0.798038
0.429976 0.795891
0.432869 0.793312
0.435263 0.790301
0.437137 0.786855
0.438474 0.782974
0.43931 0.778689
0.439685 0.774028
0.439636 0.769024
0.439204 0.763707
0.438424 0.758106
0.437338 0.752252
0.435982 0.746177
0.434395 0.739909
0.432617 0.73348
0.430684 0.72692
0.428636 0.720259
0.426511 0.713529
0.424348 0.706758
0.422185 0.699978
0.420061 0.69322
0.418013 0.686513
0.416081 0.679888
0.414303 0.673375
0.412718 0.667006
0.411363 0.660809
0.410278 0.654817
0.4095 0.649058
0.409069 0.643564
0.409022 0.638366
0.409399 0.633492
0.410238 0.628975
0.411576 0.624843
0.413454 0.621129
0.415908 0.617862
0.418978 0.615072
0.422702 0.61279
0.427118 0.611047
0.432186 0.609809
0.437863 0.609043
0.444108 0.608716
0.45088 0.608795
0.458138 0.609247
0.465839 0.610037
0.473943 0.611135
0.482408 0.612505
0.491193 0.614115
0.500256 0.615932
0.509556 0.617923
0.519051 0.620054
0.5287 0.622293
0.538462 0.624605
0.548295 0.626958
0.558157 0.62932
0.568008 0.631655
0.577805 0.633933
0.587508 0.636118
0.597075 0.638179
0.606464 0.640081
0.615635 0.641793
0.624545 0.64328
0.633154 0.644509
0.641419 0.645448
0.6493 0.646062
0.656755 0.64632
0.663742 0.646187
0.670221 0.645631
0.676149 0.644619
0.681485 0.643117
0.686188 0.641091
0.690293 0.638571
0.693832 0.635583
0.696841 0.632154
0.699353 0.628314
0.701403 0.624088
0.703024 0.619505
0.704252 0.614592
0.705119 0.609377
0.70566 0.603888
0.70591 0.598152
0.705902 0.592197
0.70567 0.58605
0.705249 0.579739
0.704673 0.573291
0.703976 0.566734
0.703192 0.560097
0.702355 0.553405
0.7015 0.546688
0.70066 0.539972
0.69987 0.533285
0.699163 0.526655
0.698575 0.52011
0.698138 0.513676
0.697888 0.507382
0.697858 0.501255
0.698082 0.495323
0.698595 0.489613
0.699431 0.484153
0.700624 0.478971
0.702208 0.474094
0.704217 0.469549
0.706685 0.465365
0.709587 0.46152
0.712898 0.457993
0.716593 0.454762
0.720646 0.451807
0.725032 0.449105
0.729725 0.446635
0.734701 0.444376
0.739935 0.442308
0.7454 0.440407
0.751072 0.438654
0.756925 0.437026
0.762935 0.435503
0.769075 0.434063
0.775321 0.432684
0.781648 0.431346
0.788029 0.430027
0.794441 0.428706
0.800857 0.427361
0.807252 0.425972
0.813602 0.424516
0.81988 0.422972
0.826062 0.42132
0.832122 0.419537
0.838035 0.417603
0.843776 0.415496
0.849319 0.413195
0.85464 0.410678
0.859712 0.407924
0.864511 0.404912
0.869012 0.40162
0.873189 0.398028
0.877017 0.394113
0.880496 0.389894
0.883627 0.385387
0.88641 0.380611
0.888846 0.375582
0.890935 0.37032
0.892678 0.36484
0.894074 0.35916
0.895126 0.353299
0.895832 0.347273
0.896193 0.341101
0.89621 0.334799
0.895883 0.328385
0.895213 0.321877
0.894201 0.315292
0.892845 0.308648
0.891148 0.301962
0.889109 0.295252
0.886729 0.288536
0.884008 0.28183
0.880947 0.275153
0.877547 0.268521
0.873807 0.261954
0.869727 0.255467
0.86531 0.249079
0.860554 0.242807
0.855461 0.236669
0.850031 0.230681
0.844264 0.224863
0.838161 0.219231
0.831722 0.213802
0.824947 0.208595
0.817838 0.203627
0.81041 0.198897
0.802681 0.194407
0.794667 0.190157
0.786386 0.186146
0.777853 0.182375
0.769085 0.178845
0.7601 0.175555
0.750913 0.172505
0.741543 0.169696
0.732004 0.167128
0.722315 0.164802
0.712492 0.162717
0.702552 0.160874
0.692511 0.159272
0.682386 0.157913
0.672194 0.156796
0.661951 0.155922
0.651675 0.155291
0.641382 0.154902
0.631089 0.154757
0.620812 0.154855
0.610569 0.155197
0.600376 0.155783
0.590249 0.156614
0.580206 0.157688
0.570263 0.159007
0.560437 0.160571
0.550745 0.16238
0.541204 0.164434
0.531829 0.166734
0.522639 0.169279
0.513649 0.17207
0.504849 0.17509
0.496229 0.178322
0.487776 0.181749
0.479481 0.185355
0.471332 0.189121
0.463319 0.193031
0.455431 0.197069
0.447657 0.201217
0.439987 0.205458
0.432409 0.209776
0.424913 0.214153
0.417487 0.218572
0.410121 0.223017
0.402805 0.22747
0.395527 0.231915
0.388277 0.236334
0.381043 0.240711
0.373816 0.245028
0.366583 0.249269
0.359335 0.253417
0.35206 0.257455
0.344747 0.261365
0.337387 0.265132
0.329968 0.268737
0.322478 0.272164
0.314908 0.275396
0.307247 0.278416
0.299483 0.281208
0.291607 0.283753
0.283606 0.286035
0.27547 0.288038
0.267189 0.289744
0.258785 0.29118
0.250279 0.292376
0.241694 0.293357
0.233052 0.294152
0.224375 0.294789
0.215686 0.295294
0.207005 0.295697
0.198356 0.296024
0.189761 0.296302
0.181241 0.296561
0.172819 0.296827
0.164517 0.297128
0.156358 0.297491
0.148362 0.297945
0.140553 0.298517
0.132952 0.299234
0.125581 0.300124
0.118464 0.301215
0.111621 0.302535
0.105075 0.304111
0.0988486 0.305971
0.0929632 0.308142
0.087441 0.310653
0.0823044 0.31353
0.0775753 0.316801
0.0732759 0.320494
0.0694284 0.324638
0.0660549 0.329258
0.0631774 0.334384
0.0608182 0.340042
0.0589994 0.34626
0.057743 0.353066
0.0570342 0.36043
0.0568581 0.36832
0.0571998 0.376706
0.0580445 0.385557
0.0593773 0.394842
0.0611832 0.404531
0.0634474 0.414593
0.066155 0.424998
0.0692912 0.435714
0.072841 0.446711
0.0767896 0.457959
0.081122 0.469426
0.0858234 0.481082
0.090879 0.492896
0.0962737 0.504838
0.101993 0.516876
0.108021 0.528981
0.114345 0.541121
0.120947 0.553266
0.127815 0.565385
0.134933 0.577447
0.142285 0.589422
0.149858 0.601278
0.157636 0.612986
0.165604 0.624515
0.173748 0.635833
0.182053 0.646911
0.190503 0.657717
0.199085 0.668221
0.207782 0.678392
