0.117614 0.576166
0.119993 0.581164
0.122674 0.586089
0.125649 0.590936
0.128908 0.595702
0.132444 0.600382
0.136246 0.604972
0.140307 0.609469
0.144618 0.613869
0.149169 0.618167
0.153953 0.622359
0.15896 0.626442
0.164182 0.630412
0.16961 0.634264
0.175235 0.637995
0.181049 0.6416
0.187042 0.645075
0.193207 0.648417
0.199533 0.651622
0.206013 0.654685
0.212638 0.657603
0.219399 0.660371
0.226287 0.662985
0.233294 0.665442
0.24041 0.667738
0.247628 0.669868
0.254937 0.671828
0.262331 0.673616
0.269799 0.675225
0.277333 0.676653
0.284925 0.677896
0.292565 0.678949
0.300245 0.679808
0.307956 0.68047
0.315696 0.680947
0.323466 0.681251
0.331264 0.681394
0.339088 0.681388
0.346937 0.681246
0.35481 0.68098
0.362707 0.680601
0.370626 0.680124
0.378565 0.679558
0.386524 0.678918
0.394502 0.678215
0.402496 0.677461
0.410508 0.676668
0.418534 0.675849
0.426574 0.675016
0.434627 0.674181
0.442692 0.673357
0.450767 0.672555
0.458851 0.671788
0.466944 0.671068
0.475044 0.670408
0.48315 0.669819
0.49126 0.669313
0.499375 0.668904
0.507491 0.668603
0.515609 0.668423
0.523728 0.668375
0.531845 0.668472
0.539961 0.668726
0.548073 0.66915
0.556181 0.669755
0.564283 0.670555
0.572369 0.671529
0.580427 0.672659
0.588447 0.673926
0.596417 0.675311
0.604327 0.676796
0.612164 0.678361
0.619919 0.679988
0.627581 0.681657
0.635137 0.683349
0.642578 0.685046
0.649892 0.68673
0.657069 0.688379
0.664096 0.689977
0.670963 0.691504
0.67766 0.692941
0.684174 0.694269
0.690496 0.69547
0.696613 0.696523
0.702516 0.697412
0.708192 0.698115
0.713632 0.698616
0.718823 0.698894
0.723755 0.69893
0.728416 0.698707
0.732797 0.698205
0.736885 0.697404
0.74067 0.696287
0.744141 0.694834
0.747286 0.693026
0.750095 0.690845
0.752557 0.688271
0.75466 0.685285
0.756424 0.681902
0.757869 0.678134
0.759015 0.673994
0.759882 0.669497
0.760489 0.664656
0.760855 0.659484
0.761001 0.653994
0.760947 0.6482
0.760711 0.642116
0.760314 0.635754
0.759776 0.629129
0.759115 0.622253
0.758353 0.615141
0.757508 0.607805
0.7566 0.600259
0.75565 0.592516
0.754676 0.584591
0.753699 0.576495
0.752738 0.568244
0.751813 0.559849
0.750943 0.551325
0.750149 0.542685
0.749449 0.533942
0.748865 0.52511
0.748415 0.516203
0.748119 0.507233
0.747997 0.498214
0.748069 0.48916
0.748354 0.480084
0.748872 0.470999
0.749642 0.46192
0.750686 0.452858
0.751974 0.443823
0.753479 0.434822
0.755172 0.425865
0.757027 0.416958
0.759016 0.408111
0.761109 0.39933
0.763281 0.390626
0.765502 0.382005
0.767745 0.373475
0.769983 0.365046
0.772187 0.356725
0.774329 0.348521
0.776382 0.34044
0.778318 0.332493
0.780108 0.324686
0.781726 0.317029
0.783144 0.309529
0.784333 0.302194
0.785265 0.295032
0.785914 0.288053
0.78625 0.281263
0.786247 0.274671
0.785876 0.268286
0.785109 0.262115
0.783919 0.256167
0.782278 0.250449
0.780159 0.244971
0.777532 0.239739
0.774371 0.234763
0.770647 0.23005
0.766333 0.225609
0.761401 0.221447
0.755874 0.217555
0.749779 0.213923
0.743138 0.210538
0.735975 0.207392
0.728316 0.204474
0.720184 0.201773
0.711603 0.199279
0.702598 0.196981
0.693193 0.19487
0.683413 0.192935
0.67328 0.191165
0.662821 0.18955
0.652058 0.188079
0.641016 0.186743
0.62972 0.18553
0.618193 0.184431
0.60646 0.183435
0.594546 0.182532
0.582473 0.18171
0.570267 0.180961
0.557951 0.180273
0.545551 0.179635
0.53309 0.179039
0.520592 0.178472
0.508082 0.177926
0.495584 0.177388
0.483121 0.17685
0.47072 0.1763
0.458402 0.175729
0.446194 0.175125
0.434119 0.174478
0.422201 0.173779
0.410446 0.173037
0.398859 0.172265
0.387448 0.171472
0.376218 0.17067
0.365173 0.16987
0.354321 0.169082
0.343667 0.168319
0.333217 0.16759
0.322977 0.166907
0.312952 0.166281
0.303149 0.165722
0.293573 0.165242
0.28423 0.164852
0.275125 0.164562
0.266266 0.164383
0.257657 0.164328
0.249304 0.164405
0.241214 0.164628
0.233392 0.165005
0.225843 0.165549
0.218575 0.166271
0.211591 0.167181
0.204899 0.16829
0.198505 0.169609
0.192413 0.17115
0.18663 0.172923
0.181162 0.174939
0.176014 0.17721
0.171193 0.179745
0.166703 0.182557
0.162552 0.185656
0.158744 0.189053
0.155266 0.192737
0.152101 0.196696
0.149236 0.200921
0.146654 0.205398
0.144342 0.210119
0.142284 0.21507
0.140466 0.220242
0.138872 0.225622
0.137487 0.2312
0.136297 0.236965
0.135287 0.242906
0.134442 0.24901
0.133747 0.255268
0.133186 0.261668
0.132746 0.268199
0.132411 0.27485
0.132166 0.28161
0.131997 0.288467
0.131887 0.29541
0.131824 0.302428
0.131791 0.309511
0.131773 0.316646
0.131757 0.323824
0.131726 0.331031
0.131666 0.338259
0.131562 0.345494
0.131399 0.352727
0.131162 0.359946
0.130837 0.36714
0.130408 0.374298
0.12986 0.381408
0.129179 0.38846
0.128378 0.395453
0.127471 0.402386
0.126473 0.40926
0.125397 0.416075
0.124256 0.422829
0.123066 0.429522
0.121839 0.436154
0.120589 0.442726
0.119332 0.449235
0.118079 0.455683
0.116846 0.462068
0.115646 0.468391
0.114493 0.474651
0.113401 0.480847
0.112384 0.48698
0.111455 0.493049
0.110629 0.499053
0.10992 0.504993
0.109341 0.510868
0.108906 0.516677
0.108629 0.522421
0.108524 0.528098
0.108605 0.533709
0.108886 0.539254
0.109381 0.544731
0.110103 0.550141
0.111067 0.555483
0.112286 0.560757
0.113774 0.565962
0.115545 0.571099
