338
165.00 363.00
166.00 435.00
169.00 477.00
175.00 449.00
178.00 375.00
192.00 356.00
197.00 336.00
205.00 328.00
223.00 313.00
231.00 300.00
235.00 286.00
231.00 277.00
234.00 266.00
246.00 261.00
261.00 268.00
274.00 275.00
280.00 275.00
273.00 270.00
267.00 265.00
258.00 261.00
264.00 255.00
271.00 258.00
277.00 265.00
284.00 272.00
319.00 287.00
342.00 292.00
355.00 289.00
368.00 282.00
374.00 273.00
378.00 266.00
378.00 254.00
387.00 252.00
392.00 244.00
394.00 229.00
391.00 224.00
385.00 223.00
379.00 223.00
381.00 219.00
386.00 218.00
390.00 217.00
393.00 211.00
389.00 207.00
391.00 200.00
388.00 194.00
386.00 189.00
381.00 184.00
375.00 183.00
376.00 174.00
372.00 172.00
364.00 160.00
357.00 157.00
355.00 162.00
347.00 158.00
351.00 152.00
349.00 146.00
344.00 143.00
338.00 143.00
329.00 146.00
329.00 141.00
325.00 134.00
323.00 131.00
313.00 129.00
309.00 123.00
302.00 117.00
298.00 120.00
293.00 128.00
289.00 118.00
284.00 109.00
278.00 106.00
268.00 105.00
260.00 109.00
250.00 103.00
243.00 96.00
232.00 94.00
231.00 108.00
226.00 97.00
219.00 95.00
217.00 101.00
215.00 113.00
214.00 114.00
212.00 107.00
207.00 103.00
201.00 103.00
196.00 110.00
200.00 120.00
194.00 121.00
187.00 111.00
192.00 104.00
193.00 99.00
191.00 96.00
180.00 92.00
168.00 98.00
167.00 108.00
169.00 117.00
175.00 130.00
180.00 137.00
180.00 144.00
186.00 150.00
193.00 150.00
200.00 145.00
206.00 145.00
211.00 151.00
216.00 156.00
226.00 156.00
230.00 147.00
235.00 137.00
246.00 126.00
251.00 137.00
255.00 147.00
263.00 155.00
279.00 156.00
283.00 156.00
293.00 162.00
305.00 162.00
302.00 169.00
295.00 170.00
289.00 166.00
277.00 160.00
266.00 160.00
256.00 156.00
250.00 151.00
248.00 143.00
243.00 139.00
238.00 143.00
233.00 155.00
224.00 160.00
212.00 160.00
208.00 156.00
200.00 151.00
194.00 154.00
189.00 162.00
182.00 152.00
173.00 161.00
175.00 151.00
168.00 142.00
168.00 133.00
161.00 120.00
150.00 113.00
145.00 116.00
146.00 124.00
154.00 132.00
158.00 144.00
154.00 144.00
152.00 137.00
147.00 135.00
141.00 137.00
136.00 132.00
128.00 131.00
125.00 134.00
122.00 140.00
125.00 148.00
128.00 154.00
137.00 161.00
125.00 159.00
120.00 154.00
113.00 153.00
109.00 158.00
111.00 164.00
98.00 168.00
103.00 182.00
114.00 182.00
123.00 189.00
132.00 200.00
130.00 201.00
118.00 191.00
108.00 187.00
100.00 191.00
85.00 201.00
81.00 232.00
85.00 235.00
93.00 231.00
101.00 225.00
109.00 220.00
121.00 214.00
126.00 218.00
114.00 227.00
109.00 225.00
100.00 230.00
92.00 239.00
81.00 239.00
82.00 248.00
82.00 262.00
85.00 272.00
91.00 276.00
91.00 270.00
95.00 272.00
98.00 263.00
108.00 257.00
118.00 249.00
127.00 240.00
127.00 233.00
133.00 238.00
143.00 233.00
154.00 231.00
151.00 225.00
164.00 223.00
173.00 229.00
179.00 236.00
191.00 234.00
193.00 226.00
192.00 215.00
199.00 211.00
205.00 202.00
207.00 209.00
213.00 213.00
205.00 220.00
205.00 231.00
207.00 237.00
200.00 239.00
196.00 243.00
191.00 251.00
183.00 255.00
185.00 264.00
188.00 267.00
189.00 266.00
182.00 279.00
182.00 298.00
178.00 317.00
173.00 328.00
169.00 340.00
166.00 351.00
137.00 336.00
143.00 351.00
151.00 360.00
161.00 359.00
163.00 346.00
165.00 337.00
173.00 324.00
170.00 318.00
165.00 311.00
158.00 317.00
160.00 308.00
154.00 300.00
162.00 296.00
174.00 294.00
179.00 286.00
181.00 274.00
172.00 280.00
178.00 272.00
176.00 262.00
165.00 270.00
173.00 257.00
167.00 248.00
163.00 247.00
158.00 249.00
160.00 243.00
153.00 239.00
149.00 239.00
142.00 241.00
144.00 253.00
144.00 264.00
141.00 258.00
136.00 245.00
130.00 249.00
131.00 256.00
127.00 251.00
122.00 253.00
125.00 260.00
124.00 265.00
126.00 270.00
137.00 271.00
131.00 276.00
137.00 287.00
130.00 285.00
128.00 278.00
125.00 277.00
124.00 287.00
122.00 279.00
118.00 279.00
120.00 269.00
115.00 261.00
110.00 264.00
110.00 275.00
103.00 270.00
98.00 275.00
99.00 280.00
109.00 284.00
115.00 291.00
103.00 287.00
97.00 283.00
95.00 287.00
98.00 292.00
114.00 297.00
107.00 298.00
99.00 297.00
98.00 301.00
112.00 319.00
121.00 325.00
132.00 328.00
136.00 323.00
241.00 190.00
271.00 195.00
292.00 205.00
306.00 217.00
310.00 233.00
300.00 236.00
291.00 228.00
281.00 227.00
280.00 236.00
273.00 237.00
264.00 228.00
260.00 216.00
251.00 206.00
239.00 201.00
228.00 199.00
214.00 203.00
210.00 199.00
225.00 193.00
235.00 192.00
351.00 199.00
355.00 198.00
352.00 207.00
351.00 212.00
341.00 216.00
341.00 213.00
348.00 207.00
159.00 159.00
159.00 164.00
164.00 170.00
169.00 172.00
168.00 177.00
161.00 172.00
157.00 179.00
152.00 183.00
158.00 193.00
151.00 193.00
149.00 184.00
133.00 174.00
143.00 174.00
148.00 178.00
154.00 177.00
157.00 171.00
153.00 166.00
367.00 217.00
369.00 225.00
363.00 222.00
361.00 218.00
364.00 212.00