         284
         1.50000 1.50000 0.00000
         1.50000 1.11177 0.05111
         1.11177 1.50000 0.05111
         1.50000 1.50000 0.00000
         1.50000 1.88823 0.05111
         1.88823 1.50000 0.05111
         1.11177 1.50000 0.05111
         1.50000 1.88823 0.05111
         1.50000 1.50000 0.00000
         1.88823 1.50000 0.05111
         1.50000 1.11177 0.05111
         1.50000 1.50000 0.00000
         1.11177 1.50000 0.05111
         1.06982 1.02165 0.14496
         0.75000 1.50000 0.20096
         1.50000 0.75000 0.20096
         1.06982 1.02165 0.14496
         1.50000 1.11177 0.05111
         1.50000 1.88823 0.05111
         1.06982 1.97835 0.14496
         1.50000 2.25000 0.20096
         1.93018 1.02165 0.14496
         1.50000 1.11177 0.05111
         1.88823 1.50000 0.05111
         1.06982 1.97835 0.14496
         1.50000 1.88823 0.05111
         1.11177 1.50000 0.05111
         0.75000 1.50000 0.20096
         1.06982 1.97835 0.14496
         1.11177 1.50000 0.05111
         2.25000 1.50000 0.20096
         1.93018 1.02165 0.14496
         1.88823 1.50000 0.05111
         1.88823 1.50000 0.05111
         1.50000 1.88823 0.05111
         1.93018 1.97835 0.14496
         1.50000 1.11177 0.05111
         1.93018 1.02165 0.14496
         1.50000 0.75000 0.20096
         1.50000 2.25000 0.20096
         1.93018 1.97835 0.14496
         1.50000 1.88823 0.05111
         1.88823 1.50000 0.05111
         1.93018 1.97835 0.14496
         2.25000 1.50000 0.20096
         1.11177 1.50000 0.05111
         1.50000 1.11177 0.05111
         1.06982 1.02165 0.14496
         1.06585 0.60236 0.37939
         0.67825 0.97447 0.36046
         1.06982 1.02165 0.14496
         1.06982 1.02165 0.14496
         1.50000 0.75000 0.20096
         1.06585 0.60236 0.37939
         2.32175 2.02553 0.36046
         2.25000 1.50000 0.20096
         1.93018 1.97835 0.14496
         1.93415 2.39764 0.37939
         2.32175 2.02553 0.36046
         1.93018 1.97835 0.14496
         0.67825 0.97447 0.36046
         0.75000 1.50000 0.20096
         1.06982 1.02165 0.14496
         1.93018 1.97835 0.14496
         1.50000 2.25000 0.20096
         1.93415 2.39764 0.37939
         1.06585 2.39764 0.37939
         1.50000 2.25000 0.20096
         1.06982 1.97835 0.14496
         1.93018 1.02165 0.14496
         2.25000 1.50000 0.20096
         2.32175 0.97447 0.36046
         1.93415 0.60236 0.37939
         1.50000 0.75000 0.20096
         1.93018 1.02165 0.14496
         1.06982 1.97835 0.14496
         0.67825 2.02553 0.36046
         1.06585 2.39764 0.37939
         1.93018 1.02165 0.14496
         2.32175 0.97447 0.36046
         1.93415 0.60236 0.37939
         1.06982 1.97835 0.14496
         0.75000 1.50000 0.20096
         0.67825 2.02553 0.36046
         2.56066 1.50000 0.43934
         2.32175 0.97447 0.36046
         2.25000 1.50000 0.20096
         1.50000 2.25000 0.20096
         1.06585 2.39764 0.37939
         1.50000 2.56066 0.43934
         1.50000 2.56066 0.43934
         1.93415 2.39764 0.37939
         1.50000 2.25000 0.20096
         2.25000 1.50000 0.20096
         2.32175 2.02553 0.36046
         2.56066 1.50000 0.43934
         1.50000 0.75000 0.20096
         1.93415 0.60236 0.37939
         1.50000 0.43934 0.43934
         1.50000 0.43934 0.43934
         1.06585 0.60236 0.37939
         1.50000 0.75000 0.20096
         0.75000 1.50000 0.20096
         0.67825 0.97447 0.36046
         0.43934 1.50000 0.43934
         0.43934 1.50000 0.43934
         0.67825 2.02553 0.36046
         0.75000 1.50000 0.20096
         0.67825 2.02553 0.36046
         0.43934 1.50000 0.43934
         0.36046 2.02553 0.67825
         0.67842 0.55132 0.67842
         0.36046 0.97447 0.67825
         0.67825 0.97447 0.36046
         2.63954 2.02553 0.67825
         2.56066 1.50000 0.43934
         2.32175 2.02553 0.36046
         2.32158 2.44868 0.67842
         2.63954 2.02553 0.67825
         2.32175 2.02553 0.36046
         0.36046 0.97447 0.67825
         0.43934 1.50000 0.43934
         0.67825 0.97447 0.36046
         2.32158 0.55132 0.67842
         1.93415 0.60236 0.37939
         2.32175 0.97447 0.36046
         2.32175 0.97447 0.36046
         2.63954 0.97447 0.67825
         2.32158 0.55132 0.67842
         0.67825 2.02553 0.36046
         0.36046 2.02553 0.67825
         0.67842 2.44868 0.67842
         2.32175 0.97447 0.36046
         2.56066 1.50000 0.43934
         2.63954 0.97447 0.67825
         2.32175 2.02553 0.36046
         1.93415 2.39764 0.37939
         2.32158 2.44868 0.67842
         0.67842 2.44868 0.67842
         1.06585 2.39764 0.37939
         0.67825 2.02553 0.36046
         0.67825 0.97447 0.36046
         1.06585 0.60236 0.37939
         0.67842 0.55132 0.67842
         1.06585 0.60236 0.37939
         1.50000 0.43934 0.43934
         1.08111 0.29386 0.71275
         1.08111 0.29386 0.71275
         0.67842 0.55132 0.67842
         1.06585 0.60236 0.37939
         1.91889 2.70614 0.71275
         2.32158 2.44868 0.67842
         1.93415 2.39764 0.37939
         1.93415 2.39764 0.37939
         1.50000 2.56066 0.43934
         1.91889 2.70614 0.71275
         1.91889 0.29386 0.71275
         1.50000 0.43934 0.43934
         1.93415 0.60236 0.37939
         1.93415 0.60236 0.37939
         2.32158 0.55132 0.67842
         1.91889 0.29386 0.71275
         1.08111 2.70614 0.71275
         1.50000 2.56066 0.43934
         1.06585 2.39764 0.37939
         1.06585 2.39764 0.37939
         0.67842 2.44868 0.67842
         1.08111 2.70614 0.71275
         0.20096 1.50000 0.75000
         0.36046 2.02553 0.67825
         0.43934 1.50000 0.43934
         1.50000 2.79904 0.75000
         1.91889 2.70614 0.71275
         1.50000 2.56066 0.43934
         1.50000 0.43934 0.43934
         1.91889 0.29386 0.71275
         1.50000 0.20096 0.75000
         1.50000 2.56066 0.43934
         1.08111 2.70614 0.71275
         1.50000 2.79904 0.75000
         2.79904 1.50000 0.75000
         2.63954 0.97447 0.67825
         2.56066 1.50000 0.43934
         0.43934 1.50000 0.43934
         0.36046 0.97447 0.67825
         0.20096 1.50000 0.75000
         2.56066 1.50000 0.43934
         2.63954 2.02553 0.67825
         2.79904 1.50000 0.75000
         1.50000 0.20096 0.75000
         1.08111 0.29386 0.71275
         1.50000 0.43934 0.43934
         2.62060 0.60236 1.06585
         2.32158 0.55132 0.67842
         2.63954 0.97447 0.67825
         0.37939 2.39764 1.06585
         0.67842 2.44868 0.67842
         0.36046 2.02553 0.67825
         2.85504 1.02165 1.06982
         2.62060 0.60236 1.06585
         2.63954 0.97447 0.67825
         2.63954 0.97447 0.67825
         2.79904 1.50000 0.75000
         2.85504 1.02165 1.06982
         0.14496 1.97835 1.06982
         0.37939 2.39764 1.06585
         0.36046 2.02553 0.67825
         0.36046 2.02553 0.67825
         0.20096 1.50000 0.75000
         0.14496 1.97835 1.06982
         2.63954 2.02553 0.67825
         2.62060 2.39764 1.06585
         2.85504 1.97835 1.06982
         2.63954 2.02553 0.67825
         2.32158 2.44868 0.67842
         2.62060 2.39764 1.06585
         0.14496 1.02165 1.06982
         0.20096 1.50000 0.75000
         0.36046 0.97447 0.67825
         0.36046 0.97447 0.67825
         0.37939 0.60236 1.06585
         0.14496 1.02165 1.06982
         2.85504 1.97835 1.06982
         2.79904 1.50000 0.75000
         2.63954 2.02553 0.67825
         0.36046 0.97447 0.67825
         0.67842 0.55132 0.67842
         0.37939 0.60236 1.06585
         2.28725 2.70614 1.08111
         2.62060 2.39764 1.06585
         2.32158 2.44868 0.67842
         0.67842 0.55132 0.67842
         1.08111 0.29386 0.71275
         0.71275 0.29386 1.08111
         0.71275 0.29386 1.08111
         0.37939 0.60236 1.06585
         0.67842 0.55132 0.67842
         2.32158 2.44868 0.67842
         1.91889 2.70614 0.71275
         2.28725 2.70614 1.08111
         0.71275 2.70614 1.08111
         1.08111 2.70614 0.71275
         0.67842 2.44868 0.67842
         0.67842 2.44868 0.67842
         0.37939 2.39764 1.06585
         0.71275 2.70614 1.08111
         2.28725 0.29386 1.08111
         1.91889 0.29386 0.71275
         2.32158 0.55132 0.67842
         2.32158 0.55132 0.67842
         2.62060 0.60236 1.06585
         2.28725 0.29386 1.08111
         1.90089 0.11127 1.09911
         1.50000 0.20096 0.75000
         1.91889 0.29386 0.71275
         1.91889 2.70614 0.71275
         1.50000 2.79904 0.75000
         1.90089 2.88873 1.09911
         1.91889 0.29386 0.71275
         2.28725 0.29386 1.08111
         1.90089 0.11127 1.09911
         1.08111 0.29386 0.71275
         1.50000 0.20096 0.75000
         1.09911 0.11127 1.09911
         1.90089 2.88873 1.09911
         2.28725 2.70614 1.08111
         1.91889 2.70614 0.71275
         1.09911 2.88873 1.09911
         1.50000 2.79904 0.75000
         1.08111 2.70614 0.71275
         1.08111 2.70614 0.71275
         0.71275 2.70614 1.08111
         1.09911 2.88873 1.09911
         1.09911 0.11127 1.09911
         0.71275 0.29386 1.08111
         1.08111 0.29386 0.71275
         2.94889 1.50000 1.11177
         2.85504 1.02165 1.06982
         2.79904 1.50000 0.75000
         1.50000 0.20096 0.75000
         1.90089 0.11127 1.09911
         1.50000 0.05111 1.11177
         1.50000 2.94889 1.11177
         1.90089 2.88873 1.09911
         1.50000 2.79904 0.75000
         2.79904 1.50000 0.75000
         2.85504 1.97835 1.06982
         2.94889 1.50000 1.11177
         1.50000 2.79904 0.75000
         1.09911 2.88873 1.09911
         1.50000 2.94889 1.11177
         1.50000 0.05111 1.11177
         1.09911 0.11127 1.09911
         1.50000 0.20096 0.75000
         0.05111 1.50000 1.11177
         0.14496 1.97835 1.06982
         0.20096 1.50000 0.75000
         0.20096 1.50000 0.75000
         0.14496 1.02165 1.06982
         0.05111 1.50000 1.11177
         0.37939 2.39764 1.06585
         0.14496 1.97835 1.06982
         0.20096 2.25000 1.50000
         0.20096 0.75000 1.50000
         0.14496 1.02165 1.06982
         0.37939 0.60236 1.06585
         2.62060 0.60236 1.06585
         2.85504 1.02165 1.06982
         2.79904 0.75000 1.50000
         0.37939 0.60236 1.06585
         0.71275 0.29386 1.08111
         0.43934 0.43934 1.50000
         0.37939 0.60236 1.06585
         0.43934 0.43934 1.50000
         0.20096 0.75000 1.50000
         2.62060 2.39764 1.06585
         2.56066 2.56066 1.50000
         2.79904 2.25000 1.50000
         0.43934 2.56066 1.50000
         0.71275 2.70614 1.08111
         0.37939 2.39764 1.06585
         2.62060 2.39764 1.06585
         2.28725 2.70614 1.08111
         2.56066 2.56066 1.50000
         2.79904 2.25000 1.50000
         2.85504 1.97835 1.06982
         2.62060 2.39764 1.06585
         2.56066 0.43934 1.50000
         2.28725 0.29386 1.08111
         2.62060 0.60236 1.06585
         2.79904 0.75000 1.50000
         2.56066 0.43934 1.50000
         2.62060 0.60236 1.06585
         0.20096 2.25000 1.50000
         0.43934 2.56066 1.50000
         0.37939 2.39764 1.06585
         0.14496 1.02165 1.06982
         0.20096 0.75000 1.50000
         0.05111 1.11177 1.50000
         0.05111 1.88823 1.50000
         0.20096 2.25000 1.50000
         0.14496 1.97835 1.06982
         0.14496 1.97835 1.06982
         0.05111 1.50000 1.11177
         0.05111 1.88823 1.50000
         2.85504 1.02165 1.06982
         2.94889 1.50000 1.11177
         2.94889 1.11177 1.50000
         2.94889 1.11177 1.50000
         2.79904 0.75000 1.50000
         2.85504 1.02165 1.06982
         0.05111 1.11177 1.50000
         0.05111 1.50000 1.11177
         0.14496 1.02165 1.06982
         2.85504 1.97835 1.06982
         2.79904 2.25000 1.50000
         2.94889 1.88823 1.50000
         2.94889 1.88823 1.50000
         2.94889 1.50000 1.11177
         2.85504 1.97835 1.06982
         0.71275 0.29386 1.08111
         0.75000 0.20096 1.50000
         0.43934 0.43934 1.50000
         2.25000 0.20096 1.50000
         1.90089 0.11127 1.09911
         2.28725 0.29386 1.08111
         0.75000 2.79904 1.50000
         1.09911 2.88873 1.09911
         0.71275 2.70614 1.08111
         2.28725 2.70614 1.08111
         2.25000 2.79904 1.50000
         2.56066 2.56066 1.50000
         0.43934 2.56066 1.50000
         0.75000 2.79904 1.50000
         0.71275 2.70614 1.08111
         0.71275 0.29386 1.08111
         1.09911 0.11127 1.09911
         0.75000 0.20096 1.50000
         2.28725 2.70614 1.08111
         1.90089 2.88873 1.09911
         2.25000 2.79904 1.50000
         2.56066 0.43934 1.50000
         2.25000 0.20096 1.50000
         2.28725 0.29386 1.08111
         1.88823 0.05111 1.50000
         1.50000 0.05111 1.11177
         1.90089 0.11127 1.09911
         1.11177 2.94889 1.50000
         1.50000 2.94889 1.11177
         1.09911 2.88873 1.09911
         1.09911 0.11127 1.09911
         1.11177 0.05111 1.50000
         0.75000 0.20096 1.50000
         1.09911 0.11127 1.09911
         1.50000 0.05111 1.11177
         1.11177 0.05111 1.50000
         1.90089 2.88873 1.09911
         1.50000 2.94889 1.11177
         1.88823 2.94889 1.50000
         1.90089 2.88873 1.09911
         1.88823 2.94889 1.50000
         2.25000 2.79904 1.50000
         0.75000 2.79904 1.50000
         1.11177 2.94889 1.50000
         1.09911 2.88873 1.09911
         2.25000 0.20096 1.50000
         1.88823 0.05111 1.50000
         1.90089 0.11127 1.09911
         1.50000 0.05111 1.11177
         1.50000 0.00000 1.50000
         1.11177 0.05111 1.50000
         1.50000 2.94889 1.11177
         1.50000 3.00000 1.50000
         1.88823 2.94889 1.50000
         2.94889 1.50000 1.11177
         2.94889 1.88823 1.50000
         3.00000 1.50000 1.50000
         1.11177 2.94889 1.50000
         1.50000 3.00000 1.50000
         1.50000 2.94889 1.11177
         0.05111 1.50000 1.11177
         0.05111 1.11177 1.50000
         0.00000 1.50000 1.50000
         3.00000 1.50000 1.50000
         2.94889 1.11177 1.50000
         2.94889 1.50000 1.11177
         1.88823 0.05111 1.50000
         1.50000 0.00000 1.50000
         1.50000 0.05111 1.11177
         0.00000 1.50000 1.50000
         0.05111 1.88823 1.50000
         0.05111 1.50000 1.11177
         2.85504 1.97835 1.93018
         2.94889 1.88823 1.50000
         2.79904 2.25000 1.50000
         2.62060 2.39764 1.93415
         2.85504 1.97835 1.93018
         2.79904 2.25000 1.50000
         1.09911 0.11127 1.90089
         0.75000 0.20096 1.50000
         1.11177 0.05111 1.50000
         2.94889 1.50000 1.88823
         3.00000 1.50000 1.50000
         2.94889 1.88823 1.50000
         2.85504 1.97835 1.93018
         2.94889 1.50000 1.88823
         2.94889 1.88823 1.50000
         0.71275 0.29386 1.91889
         0.43934 0.43934 1.50000
         0.75000 0.20096 1.50000
         2.94889 1.11177 1.50000
         2.94889 1.50000 1.88823
         2.85504 1.02165 1.93018
         2.94889 1.11177 1.50000
         3.00000 1.50000 1.50000
         2.94889 1.50000 1.88823
         0.75000 0.20096 1.50000
         1.09911 0.11127 1.90089
         0.71275 0.29386 1.91889
         1.50000 0.05111 1.88823
         1.11177 0.05111 1.50000
         1.50000 0.00000 1.50000
         0.43934 0.43934 1.50000
         0.71275 0.29386 1.91889
         0.37939 0.60236 1.93415
         2.79904 0.75000 1.50000
         2.85504 1.02165 1.93018
         2.62060 0.60236 1.93415
         2.79904 0.75000 1.50000
         2.94889 1.11177 1.50000
         2.85504 1.02165 1.93018
         1.50000 3.00000 1.50000
         1.11177 2.94889 1.50000
         1.50000 2.94889 1.88823
         1.11177 2.94889 1.50000
         0.75000 2.79904 1.50000
         1.09911 2.88873 1.90089
         2.62060 0.60236 1.93415
         2.28725 0.29386 1.91889
         2.56066 0.43934 1.50000
         2.62060 2.39764 1.93415
         2.79904 2.25000 1.50000
         2.56066 2.56066 1.50000
         2.56066 2.56066 1.50000
         2.28725 2.70614 1.91889
         2.62060 2.39764 1.93415
         1.09911 2.88873 1.90089
         1.50000 2.94889 1.88823
         1.11177 2.94889 1.50000
         1.11177 0.05111 1.50000
         1.50000 0.05111 1.88823
         1.09911 0.11127 1.90089
         2.56066 0.43934 1.50000
         2.79904 0.75000 1.50000
         2.62060 0.60236 1.93415
         0.75000 2.79904 1.50000
         0.43934 2.56066 1.50000
         0.71275 2.70614 1.91889
         0.71275 2.70614 1.91889
         1.09911 2.88873 1.90089
         0.75000 2.79904 1.50000
         2.28725 2.70614 1.91889
         2.56066 2.56066 1.50000
         2.25000 2.79904 1.50000
         2.25000 2.79904 1.50000
         1.90089 2.88873 1.90089
         2.28725 2.70614 1.91889
         0.20096 2.25000 1.50000
         0.05111 1.88823 1.50000
         0.14496 1.97835 1.93018
         0.20096 2.25000 1.50000
         0.14496 1.97835 1.93018
         0.37939 2.39764 1.93415
         2.28725 0.29386 1.91889
         1.90089 0.11127 1.90089
         2.25000 0.20096 1.50000
         1.90089 2.88873 1.90089
         2.25000 2.79904 1.50000
         1.88823 2.94889 1.50000
         1.88823 2.94889 1.50000
         1.50000 2.94889 1.88823
         1.90089 2.88873 1.90089
         0.37939 0.60236 1.93415
         0.20096 0.75000 1.50000
         0.43934 0.43934 1.50000
         1.50000 2.94889 1.88823
         1.88823 2.94889 1.50000
         1.50000 3.00000 1.50000
         2.25000 0.20096 1.50000
         2.56066 0.43934 1.50000
         2.28725 0.29386 1.91889
         0.37939 0.60236 1.93415
         0.14496 1.02165 1.93018
         0.20096 0.75000 1.50000
         1.90089 0.11127 1.90089
         1.50000 0.05111 1.88823
         1.88823 0.05111 1.50000
         0.37939 2.39764 1.93415
         0.71275 2.70614 1.91889
         0.43934 2.56066 1.50000
         0.05111 1.88823 1.50000
         0.00000 1.50000 1.50000
         0.05111 1.50000 1.88823
         1.88823 0.05111 1.50000
         2.25000 0.20096 1.50000
         1.90089 0.11127 1.90089
         1.50000 0.00000 1.50000
         1.88823 0.05111 1.50000
         1.50000 0.05111 1.88823
         0.05111 1.50000 1.88823
         0.00000 1.50000 1.50000
         0.05111 1.11177 1.50000
         0.14496 1.02165 1.93018
         0.05111 1.50000 1.88823
         0.05111 1.11177 1.50000
         0.43934 2.56066 1.50000
         0.20096 2.25000 1.50000
         0.37939 2.39764 1.93415
         0.14496 1.02165 1.93018
         0.05111 1.11177 1.50000
         0.20096 0.75000 1.50000
         0.05111 1.88823 1.50000
         0.05111 1.50000 1.88823
         0.14496 1.97835 1.93018
         1.50000 2.94889 1.88823
         1.09911 2.88873 1.90089
         1.50000 2.79904 2.25000
         2.94889 1.50000 1.88823
         2.85504 1.97835 1.93018
         2.79904 1.50000 2.25000
         0.20096 1.50000 2.25000
         0.14496 1.97835 1.93018
         0.05111 1.50000 1.88823
         1.50000 0.05111 1.88823
         1.90089 0.11127 1.90089
         1.50000 0.20096 2.25000
         1.50000 2.79904 2.25000
         1.90089 2.88873 1.90089
         1.50000 2.94889 1.88823
         0.05111 1.50000 1.88823
         0.14496 1.02165 1.93018
         0.20096 1.50000 2.25000
         2.79904 1.50000 2.25000
         2.85504 1.02165 1.93018
         2.94889 1.50000 1.88823
         1.50000 0.20096 2.25000
         1.09911 0.11127 1.90089
         1.50000 0.05111 1.88823
         1.09911 0.11127 1.90089
         1.50000 0.20096 2.25000
         1.08111 0.29386 2.28725
         1.08111 0.29386 2.28725
         0.71275 0.29386 1.91889
         1.09911 0.11127 1.90089
         1.90089 2.88873 1.90089
         1.50000 2.79904 2.25000
         1.91889 2.70614 2.28725
         1.91889 2.70614 2.28725
         2.28725 2.70614 1.91889
         1.90089 2.88873 1.90089
         1.91889 0.29386 2.28725
         1.50000 0.20096 2.25000
         1.90089 0.11127 1.90089
         1.90089 0.11127 1.90089
         2.28725 0.29386 1.91889
         1.91889 0.29386 2.28725
         1.09911 2.88873 1.90089
         0.71275 2.70614 1.91889
         1.08111 2.70614 2.28725
         1.08111 2.70614 2.28725
         1.50000 2.79904 2.25000
         1.09911 2.88873 1.90089
         2.28725 2.70614 1.91889
         1.91889 2.70614 2.28725
         2.32158 2.44868 2.32158
         0.67842 0.55132 2.32158
         0.37939 0.60236 1.93415
         0.71275 0.29386 1.91889
         0.71275 0.29386 1.91889
         1.08111 0.29386 2.28725
         0.67842 0.55132 2.32158
         2.32158 2.44868 2.32158
         2.62060 2.39764 1.93415
         2.28725 2.70614 1.91889
         0.67842 2.44868 2.32158
         1.08111 2.70614 2.28725
         0.71275 2.70614 1.91889
         2.32158 0.55132 2.32158
         1.91889 0.29386 2.28725
         2.28725 0.29386 1.91889
         2.28725 0.29386 1.91889
         2.62060 0.60236 1.93415
         2.32158 0.55132 2.32158
         0.71275 2.70614 1.91889
         0.37939 2.39764 1.93415
         0.67842 2.44868 2.32158
         0.14496 1.97835 1.93018
         0.20096 1.50000 2.25000
         0.36046 2.02553 2.32175
         2.85504 1.02165 1.93018
         2.79904 1.50000 2.25000
         2.63954 0.97447 2.32175
         0.36046 2.02553 2.32175
         0.37939 2.39764 1.93415
         0.14496 1.97835 1.93018
         2.63954 0.97447 2.32175
         2.62060 0.60236 1.93415
         2.85504 1.02165 1.93018
         2.63954 2.02553 2.32175
         2.79904 1.50000 2.25000
         2.85504 1.97835 1.93018
         0.36046 0.97447 2.32175
         0.20096 1.50000 2.25000
         0.14496 1.02165 1.93018
         2.85504 1.97835 1.93018
         2.62060 2.39764 1.93415
         2.63954 2.02553 2.32175
         0.14496 1.02165 1.93018
         0.37939 0.60236 1.93415
         0.36046 0.97447 2.32175
         0.37939 0.60236 1.93415
         0.67842 0.55132 2.32158
         0.36046 0.97447 2.32175
         2.63954 0.97447 2.32175
         2.32158 0.55132 2.32158
         2.62060 0.60236 1.93415
         0.36046 2.02553 2.32175
         0.67842 2.44868 2.32158
         0.37939 2.39764 1.93415
         2.62060 2.39764 1.93415
         2.32158 2.44868 2.32158
         2.63954 2.02553 2.32175
         2.56066 1.50000 2.56066
         2.63954 0.97447 2.32175
         2.79904 1.50000 2.25000
         1.50000 2.56066 2.56066
         1.91889 2.70614 2.28725
         1.50000 2.79904 2.25000
         0.20096 1.50000 2.25000
         0.36046 0.97447 2.32175
         0.43934 1.50000 2.56066
         2.79904 1.50000 2.25000
         2.63954 2.02553 2.32175
         2.56066 1.50000 2.56066
         1.50000 0.43934 2.56066
         1.08111 0.29386 2.28725
         1.50000 0.20096 2.25000
         1.50000 2.79904 2.25000
         1.08111 2.70614 2.28725
         1.50000 2.56066 2.56066
         0.43934 1.50000 2.56066
         0.36046 2.02553 2.32175
         0.20096 1.50000 2.25000
         1.50000 0.20096 2.25000
         1.91889 0.29386 2.28725
         1.50000 0.43934 2.56066
         1.08111 2.70614 2.28725
         0.67842 2.44868 2.32158
         1.06585 2.39764 2.62060
         1.06585 0.60236 2.62060
         0.67842 0.55132 2.32158
         1.08111 0.29386 2.28725
         1.93415 0.60236 2.62060
         1.50000 0.43934 2.56066
         1.91889 0.29386 2.28725
         1.91889 2.70614 2.28725
         1.50000 2.56066 2.56066
         1.93415 2.39764 2.62060
         1.08111 0.29386 2.28725
         1.50000 0.43934 2.56066
         1.06585 0.60236 2.62060
         1.06585 2.39764 2.62060
         1.50000 2.56066 2.56066
         1.08111 2.70614 2.28725
         1.93415 2.39764 2.62060
         2.32158 2.44868 2.32158
         1.91889 2.70614 2.28725
         1.91889 0.29386 2.28725
         2.32158 0.55132 2.32158
         1.93415 0.60236 2.62060
         0.67825 2.02553 2.63954
         1.06585 2.39764 2.62060
         0.67842 2.44868 2.32158
         0.67842 0.55132 2.32158
         1.06585 0.60236 2.62060
         0.67825 0.97447 2.63954
         2.32175 2.02553 2.63954
         2.63954 2.02553 2.32175
         2.32158 2.44868 2.32158
         2.32158 2.44868 2.32158
         1.93415 2.39764 2.62060
         2.32175 2.02553 2.63954
         2.32175 0.97447 2.63954
         1.93415 0.60236 2.62060
         2.32158 0.55132 2.32158
         2.32158 0.55132 2.32158
         2.63954 0.97447 2.32175
         2.32175 0.97447 2.63954
         0.67825 0.97447 2.63954
         0.36046 0.97447 2.32175
         0.67842 0.55132 2.32158
         0.67842 2.44868 2.32158
         0.36046 2.02553 2.32175
         0.67825 2.02553 2.63954
         2.32175 2.02553 2.63954
         2.56066 1.50000 2.56066
         2.63954 2.02553 2.32175
         0.67825 0.97447 2.63954
         0.43934 1.50000 2.56066
         0.36046 0.97447 2.32175
         2.63954 0.97447 2.32175
         2.56066 1.50000 2.56066
         2.32175 0.97447 2.63954
         0.36046 2.02553 2.32175
         0.43934 1.50000 2.56066
         0.67825 2.02553 2.63954
         0.43934 1.50000 2.56066
         0.67825 0.97447 2.63954
         0.75000 1.50000 2.79904
         0.75000 1.50000 2.79904
         0.67825 2.02553 2.63954
         0.43934 1.50000 2.56066
         1.50000 2.56066 2.56066
         1.06585 2.39764 2.62060
         1.50000 2.25000 2.79904
         1.50000 0.75000 2.79904
         1.06585 0.60236 2.62060
         1.50000 0.43934 2.56066
         2.25000 1.50000 2.79904
         2.32175 0.97447 2.63954
         2.56066 1.50000 2.56066
         2.56066 1.50000 2.56066
         2.32175 2.02553 2.63954
         2.25000 1.50000 2.79904
         1.50000 2.25000 2.79904
         1.93415 2.39764 2.62060
         1.50000 2.56066 2.56066
         1.50000 0.43934 2.56066
         1.93415 0.60236 2.62060
         1.50000 0.75000 2.79904
         1.06585 2.39764 2.62060
         0.67825 2.02553 2.63954
         1.06982 1.97835 2.85504
         1.93018 1.97835 2.85504
         2.32175 2.02553 2.63954
         1.93415 2.39764 2.62060
         1.93415 2.39764 2.62060
         1.50000 2.25000 2.79904
         1.93018 1.97835 2.85504
         1.06982 1.02165 2.85504
         0.67825 0.97447 2.63954
         1.06585 0.60236 2.62060
         1.93415 0.60236 2.62060
         2.32175 0.97447 2.63954
         1.93018 1.02165 2.85504
         1.06982 1.97835 2.85504
         1.50000 2.25000 2.79904
         1.06585 2.39764 2.62060
         1.93018 1.02165 2.85504
         1.50000 0.75000 2.79904
         1.93415 0.60236 2.62060
         1.06585 0.60236 2.62060
         1.50000 0.75000 2.79904
         1.06982 1.02165 2.85504
         1.93018 1.97835 2.85504
         2.25000 1.50000 2.79904
         2.32175 2.02553 2.63954
         2.32175 0.97447 2.63954
         2.25000 1.50000 2.79904
         1.93018 1.02165 2.85504
         0.67825 2.02553 2.63954
         0.75000 1.50000 2.79904
         1.06982 1.97835 2.85504
         1.06982 1.02165 2.85504
         0.75000 1.50000 2.79904
         0.67825 0.97447 2.63954
         2.25000 1.50000 2.79904
         1.93018 1.97835 2.85504
         1.88823 1.50000 2.94889
         1.88823 1.50000 2.94889
         1.93018 1.02165 2.85504
         2.25000 1.50000 2.79904
         1.50000 2.25000 2.79904
         1.06982 1.97835 2.85504
         1.50000 1.88823 2.94889
         1.50000 0.75000 2.79904
         1.93018 1.02165 2.85504
         1.50000 1.11177 2.94889
         0.75000 1.50000 2.79904
         1.06982 1.02165 2.85504
         1.11177 1.50000 2.94889
         1.50000 1.88823 2.94889
         1.93018 1.97835 2.85504
         1.50000 2.25000 2.79904
         1.11177 1.50000 2.94889
         1.06982 1.97835 2.85504
         0.75000 1.50000 2.79904
         1.50000 1.11177 2.94889
         1.06982 1.02165 2.85504
         1.50000 0.75000 2.79904
         1.50000 1.88823 2.94889
         1.88823 1.50000 2.94889
         1.93018 1.97835 2.85504
         1.93018 1.02165 2.85504
         1.88823 1.50000 2.94889
         1.50000 1.11177 2.94889
         1.06982 1.97835 2.85504
         1.11177 1.50000 2.94889
         1.50000 1.88823 2.94889
         1.50000 1.11177 2.94889
         1.11177 1.50000 2.94889
         1.06982 1.02165 2.85504
         1.50000 1.88823 2.94889
         1.11177 1.50000 2.94889
         1.50000 1.50000 3.00000
         1.50000 1.11177 2.94889
         1.88823 1.50000 2.94889
         1.50000 1.50000 3.00000
         1.50000 1.50000 3.00000
         1.11177 1.50000 2.94889
         1.50000 1.11177 2.94889
         1.50000 1.50000 3.00000
         1.88823 1.50000 2.94889
         1.50000 1.88823 2.94889