50
156.532 158.542 215.468 0
169.248 98.8327 47.9974 0
115.862 60.1331 172.45 0
88.0198 150.538 105.164 0
74.1463 209.096 167.1 0
87.5861 63.0026 161.404 0
162.494 103.054 205.096 0
113.277 100.928 203.395 0
110.154 182.047 55.9378 0
145.356 156.308 54.5201 0
109.718 107.077 219.906 0
120.153 134.833 224.789 0
194.766 151.178 152.635 0
130.91 119.884 208.728 0
46.1166 144.932 125.349 0
174.324 194.969 107.774 0
115.041 182.585 90.3135 0
179.848 102.643 90.3366 0
70.9279 122.63 187.992 0
131.684 135.946 101.775 0
183.692 123.214 126.951 0
151.928 193.398 86.8088 0
140.75 196.636 205.809 0
189.522 125.226 97.5746 0
169.921 99.8998 117.447 0
175.949 80.4714 135.526 0
176.805 80.2044 145.629 0
175.74 97.1664 110.525 0
135.23 182.504 217.011 0
186.89 121.988 89.8358 0
114.049 122.113 223.415 0
86.7156 78.5233 76.0411 0
166.548 188.778 92.7161 0
57.9523 174.048 149.778 0
186.775 134.491 97.3895 0
154.942 84.2228 81.7048 0
151.343 58.6482 86.7387 0
192.771 142.191 109.37 0
56.6617 110.924 109.616 0
48.5659 169.086 123.287 0
158.525 56.1688 172.521 0
122.421 190.156 213.798 0
137.606 73.7413 97.982 0
186.051 130.316 185.223 0
157.031 100.542 109.493 0
138.749 92.5436 130.503 0
122.245 125.633 108.09 0
112.341 65.8531 121.671 0
93.1772 230.123 136.049 0
100.262 172.918 219.194 0
