50
-1.09702 2.80153 0.512492 0
1.76804 -2.70575 1.79009 0
-1.36834 -2.27415 0.764993 0
3.1265 -2.45398 -0.125572 0
0.446978 1.286 2.31467 0
-2.49654 1.17044 -3.01367 0
2.98367 1.25291 -3.14741 0
-2.35407 -1.03822 -3.22054 0
2.33113 1.46066 -0.709286 0
1.64553 0.814173 -2.10323 0
0.140031 -1.52505 1.48772 0
-1.07236 -0.244482 -2.53816 0
-1.9021 4.44855 1.99848 0
3.21417 0.942614 -3.66045 0
3.95265 -1.02212 -3.36564 0
-4.72583 -0.459983 -1.70983 0
0.253507 1.58864 1.40212 0
-4.19499 0.585861 -3.53037 0
1.06931 -3.4531 3.47167 0
1.08434 -2.12184 0.882781 0
3.53586 1.78294 -2.44276 0
-0.0978663 3.56181 0.743636 0
0.896112 -0.14354 -2.80973 0
1.43696 -4.41127 2.63908 0
2.14875 1.27585 -2.01896 0
-1.56045 0.490688 -1.59506 0
3.88031 -0.136312 -0.892539 0
2.84276 -1.40279 -0.458215 0
-0.348908 -1.66231 4.50113 0
-2.37511 -4.2367 1.51392 0
1.59733 -2.82977 0.415258 0
-0.858758 1.71863 2.68976 0
2.50519 2.77449 -0.00307202 0
-3.77707 -1.12421 -3.33213 0
2.05525 -0.900785 -0.90811 0
0.351205 3.19219 0.624945 0
2.26386 0.860046 -0.698885 0
4.48182 2.01498 -1.67751 0
2.89512 -3.9748 0.825742 0
-3.92584 -1.23817 -3.15306 0
0.142028 2.99067 0.598984 0
1.58681 0.399336 -1.46824 0
2.2612 -1.23153 -2.50733 0
1.95729 0.519474 -0.935998 0
3.96493 1.04043 -0.886997 0
-1.01477 4.31847 3.13237 0
-0.86966 3.2935 3.73921 0
0.176481 1.22328 2.12559 0
2.75819 -1.95733 -1.45173 0
-0.0552949 -1.11217 2.31747 0
