50
1.84992 -0.998224 0.735324 0
-0.942302 1.43255 2.1301 0
1.30577 0.430408 1.23297 0
0.4481 -1.10132 -1.55435 0
-1.59358 2.14083 -0.940642 0
-1.98748 0.695461 -1.27116 0
0.247784 -1.24227 -1.67223 0
-1.80354 0.887823 -2.08765 0
-0.317176 1.60514 -1.18764 0
0.633343 1.85788 -1.10444 0
-1.06252 0.759919 -1.15228 0
1.77661 -1.65587 -2.24539 0
1.96758 -1.28206 0.646291 0
-1.2756 -0.935914 0.78467 0
1.3072 2.20976 -1.30261 0
0.952749 -0.868134 1.15399 0
-1.48122 1.88268 -0.314438 0
-1.17495 -1.97246 -0.748439 0
-1.00835 -1.4677 0.590054 0
0.966997 2.13326 1.39881 0
0.808678 1.47172 0.804876 0
-1.95055 -2.17943 1.71201 0
-1.01071 -1.76953 -2.14229 0
2.09659 -0.889243 1.77749 0
2.26552 1.58368 -1.53636 0
-1.73026 -1.23098 2.21249 0
1.46904 -0.638223 -0.966196 0
2.17522 1.93363 -1.35659 0
0.743103 -1.78261 2.03524 0
-1.75938 -0.318023 1.25816 0
0.0501328 1.64351 1.82204 0
0.371057 1.15557 -1.61683 0
-1.19581 -1.17002 -0.610431 0
0.98113 -1.36513 -0.674647 0
-1.0097 -0.601826 1.71273 0
2.16114 -1.88767 -1.88487 0
1.38217 2.24991 -1.64171 0
0.681181 -0.924146 -1.48015 0
-2.21236 -1.89805 -1.58799 0
2.0464 1.60843 -2.12682 0
-0.788402 -1.64106 -2.08318 0
-0.355566 1.28899 -1.31035 0
-1.76559 -1.87599 2.20263 0
-0.295041 -1.21796 1.67541 0
1.0631 0.748313 1.90906 0
1.81346 -0.938328 0.758371 0
1.45707 -0.134714 -1.81802 0
-2.00124 -1.97684 0.925165 0
1.25508 0.178828 -1.60013 0
1.55613 -0.689348 2.04608 0
