12

4 0
  1  1  1    7  1  1 
  7  1  1    7  7  1
  7  7  1    1  7  1
  1  7  1    1  1  1
  0  0 -1

4 0
  1  1  7    7  1  7 
  7  1  7    7  7  7
  7  7  7    1  7  7
  1  7  7    1  1  7
  0  0  1
  

4 0
  1  1  1    7  1  1
  7  1  1    7  1  7
  7  1  7    1  1  7
  1  1  7    1  1  1
  0  -1 0

4 0
  1  7  1    7  7  1
  7  7  1    7  7  7
  7  7  7    1  7  7
  1  7  7    1  7  1
  0  1  0

4 0
  1  1  1    1  7  1
  1  7  1    1  7  7
  1  7  7    1  1  7
  1  1  7    1  1  1
 -1  0  0

4 0
  7  1  1    7  7  1
  7  7  1    7  7  7
  7  7  7    7  1  7
  7  1  7    7  1  1
  1  0  0

4 0
  0  0  0    8  0  0 
  8  0  0    8  8  0
  8  8  0    0  8  0
  0  8  0    0  0  0
  0  0 -1

4 0
  0  0  8    8  0  8 
  8  0  8    8  8  8
  8  8  8    0  8  8
  0  8  8    0  0  8
  0  0  1

4 0
  0  0  0    8  0  0
  8  0  0    8  0  8
  8  0  8    0  0  8
  0  0  8    0  0  0
  0 -1  0

4 0
  0  8  0    8  8  0
  8  8  0    8  8  8
  8  8  8    0  8  8
  0  8  8    0  8  0
  0  1  0

4 0
  0  0  0    0  8  0
  0  8  0    0  8  8
  0  8  8    0  0  8
  0  0  8    0  0  0
 -1  0  0

4 0
  8  0  0    8  8  0
  8  8  0    8  8  8
  8  8  8    8  0  8
  8  0  8    8  0  0
  1  0  0
