6

4 0
  0  0 -3    1  0  0 
  1  0  0    1  1  0
  1  1  0    0  1  0
  0  1  0    0  0 -3

4 0
  0  0  1    1  0  1 
  1  0  1    1  1  1
  1  1  1    0  1  1
  0  1  1    0  0  1

4 0
  0  0 -3    1  0  0
  1  0  0    1  0  1
  1  0  1    0  0  1
  0  0  1    0  0 -3

4 0
  0  1  0    1  1  0
  1  1  0    1  1  1
  1  1  1    0  1  1
  0  1  1    0  1  0

4 0
  0  0 -3    0  1  0
  0  1  0    0  1  1
  0  1  1    0  0  1
  0  0  1    0  0 -3

4 0
  1  0  0    1  1  0
  1  1  0    1  1  1
  1  1  1    1  0  1
  1  0  1    1  0  0
