12

4 0
  3  3  7    5  3  7 
  5  3  7    5  5  3
  5  5  3    3  5  3
  3  5  3    3  3  7

4 0
  3  3  5    5  3  5 
  5  3  5    5  5  5
  5  5  5    3  5  5
  3  5  5    3  3  5

4 0
  3  3  7    5  3  7
  5  3  7    5  3  5
  5  3  5    3  3  5
  3  3  5    3  3  7

4 0
  3  5  3    5  5  3
  5  5  3    5  5  5
  5  5  5    3  5  5
  3  5  5    3  5  3

4 0
  3  3  7    3  5  3
  3  5  3    3  5  5
  3  5  5    3  3  5
  3  3  5    3  3  7

4 0
  5  3  7    5  5  3
  5  5  3    5  5  5
  5  5  5    5  3  5
  5  3  5    5  3  7

4 0
  0  0  0    8  0  0 
  8  0  0    8  8  0
  8  8  0    0  8  0
  0  8  0    0  0  0

4 0
  0  0  8    8  0  8 
  8  0  8    8  8  8
  8  8  8    0  8  8
  0  8  8    0  0  8

4 0
  0  0  0    8  0  0
  8  0  0    8  0  8
  8  0  8    0  0  8
  0  0  8    0  0  0

4 0
  0  8  0    8  8  0
  8  8  0    8  8  8
  8  8  8    0  8  8
  0  8  8    0  8  0

4 0
  0  0  0    0  8  0
  0  8  0    0  8  8
  0  8  8    0  0  8
  0  0  8    0  0  0

4 0
  8  0  0    8  8  0
  8  8  0    8  8  8
  8  8  8    8  0  8
  8  0  8    8  0  0
