Arrangement Statistics:
10 vertices:
(-1 0) - degree 1
(5 0) - degree 1
(-10 13) - degree 1
(-7 10) - degree 2
(-33 10) - degree 2
(-20 23) - degree 2
(-22 25) - degree 2
(-20 27) - degree 1
(8 10) - degree 1
(14 10) - degree 1
7 edges:
[2 (0 0 1 -1) [-1 0 --> 1 0] (3 0 4 -1) [1 0 --> 5 0]]
[1 (-10 10 9 -1) [-10 13 --> -7 10]]
[1 (-20 10 169 -1) [-7 10 --> -33 10]]
[1 (-20 10 169 -1) [-33 10 --> -20 23]]
[1 (-20 25 4 -1) [-20 23 --> -22 25]]
[1 (-20 25 4 -1) [-22 25 --> -20 27]]
[2 (10 10 4 -1) [8 10 --> 12 10] (13 10 1 -1) [12 10 --> 14 10]]
1 faces:
Unbounded face.
    Hole #1: (-1 0)   [2 (0 0 1 -1) [-1 0 --> 1 0] (3 0 4 -1) [1 0 --> 5 0]]   (5 0)   [2 (0 0 1 -1) [-1 0 --> 1 0] (3 0 4 -1) [1 0 --> 5 0]]   (-1 0)
    Hole #2: (-10 13)   [1 (-10 10 9 -1) [-10 13 --> -7 10]]   (-7 10)   [1 (-20 10 169 -1) [-7 10 --> -33 10]]   (-33 10)   [1 (-20 10 169 -1) [-33 10 --> -20 23]]   (-20 23)   [1 (-20 25 4 -1) [-20 23 --> -22 25]]   (-22 25)   [1 (-20 25 4 -1) [-22 25 --> -20 27]]   (-20 27)   [1 (-20 25 4 -1) [-22 25 --> -20 27]]   (-22 25)   [1 (-20 25 4 -1) [-20 23 --> -22 25]]   (-20 23)   [1 (-20 10 169 -1) [-33 10 --> -20 23]]   (-33 10)   [1 (-20 10 169 -1) [-7 10 --> -33 10]]   (-7 10)   [1 (-10 10 9 -1) [-10 13 --> -7 10]]   (-10 13)
    Hole #3: (8 10)   [2 (10 10 4 -1) [8 10 --> 12 10] (13 10 1 -1) [12 10 --> 14 10]]   (14 10)   [2 (10 10 4 -1) [8 10 --> 12 10] (13 10 1 -1) [12 10 --> 14 10]]   (8 10)
