160
206 279
204 283
198 287
192 295
184 300
177 316
179 306
174 324
166 335
159 342
154 348
147 354
141 363
137 367
132 370
127 371
118 370
118 366
119 358
125 353
129 344
134 338
136 332
139 328
151 313
145 316
142 323
157 309
161 301
166 295
168 292
171 283
172 276
168 275
157 281
152 282
147 290
141 293
135 296
131 299
123 304
120 309
113 315
110 321
100 327
94 330
90 334
86 334
82 332
82 326
83 318
85 311
91 303
93 296
102 292
105 289
113 283
117 277
127 272
131 267
134 261
138 256
142 251
146 243
152 237
158 233
162 228
168 223
173 215
176 208
184 203
188 199
196 191
200 185
205 179
207 177
213 171
221 162
224 158
230 153
236 145
244 145
243 151
242 159
238 167
229 174
223 179
220 184
217 191
214 196
211 204
205 210
203 218
200 223
195 226
193 232
191 241
193 247
203 246
206 243
210 237
213 231
216 228
218 222
221 221
223 216
228 210
231 206
237 205
243 199
245 189
250 188
253 182
260 175
268 174
272 178
271 183
269 191
266 200
259 209
255 216
251 225
242 230
239 234
235 242
232 251
223 257
220 265
217 271
211 273
112 145
86 152
64 139
64 121
74 87
108 82
138 91
143 115
135 128
322 370
298 383
267 392
246 387
230 362
233 347
252 325
273 320
313 314
342 305
345 280
371 295
374 322
360 356
339 361
294 357
272 362
270 340
307 333
322 341
267 349
