229
113.00 160.00
100.00 156.00
96.00 157.00
90.00 163.00
88.00 169.00
87.00 177.00
78.00 190.00
73.00 198.00
75.00 199.00
77.00 205.00
83.00 209.00
90.00 217.00
83.00 214.00
73.00 206.00
72.00 209.00
73.00 212.00
70.00 212.00
66.00 214.00
61.00 217.00
59.00 227.00
59.00 237.00
66.00 242.00
61.00 242.00
57.00 250.00
61.00 261.00
61.00 271.00
72.00 281.00
84.00 279.00
94.00 273.00
96.00 275.00
106.00 272.00
115.00 266.00
123.00 260.00
133.00 263.00
141.00 259.00
148.00 257.00
160.00 258.00
176.00 258.00
184.00 259.00
191.00 262.00
195.00 257.00
192.00 253.00
188.00 249.00
186.00 243.00
186.00 232.00
192.00 231.00
189.00 239.00
190.00 244.00
194.00 249.00
198.00 244.00
204.00 245.00
203.00 247.00
201.00 249.00
202.00 258.00
210.00 259.00
213.00 280.00
220.00 276.00
229.00 276.00
236.00 280.00
244.00 281.00
250.00 276.00
251.00 270.00
250.00 266.00
260.00 266.00
262.00 262.00
284.00 272.00
290.00 272.00
301.00 278.00
344.00 277.00
354.00 281.00
364.00 280.00
375.00 272.00
380.00 263.00
386.00 255.00
390.00 247.00
388.00 243.00
391.00 236.00
397.00 230.00
395.00 223.00
394.00 218.00
379.00 216.00
383.00 212.00
388.00 211.00
392.00 204.00
390.00 194.00
385.00 189.00
375.00 190.00
377.00 180.00
360.00 158.00
353.00 166.00
354.00 154.00
352.00 154.00
344.00 158.00
345.00 148.00
337.00 156.00
328.00 162.00
336.00 151.00
332.00 137.00
323.00 140.00
322.00 133.00
319.00 129.00
313.00 129.00
309.00 135.00
307.00 127.00
300.00 125.00
293.00 132.00
295.00 120.00
281.00 106.00
272.00 103.00
260.00 106.00
254.00 109.00
249.00 118.00
243.00 104.00
239.00 98.00
231.00 94.00
220.00 97.00
214.00 96.00
202.00 100.00
196.00 110.00
193.00 118.00
192.00 105.00
190.00 96.00
183.00 96.00
181.00 102.00
178.00 96.00
172.00 97.00
170.00 100.00
159.00 106.00
163.00 114.00
169.00 119.00
170.00 127.00
173.00 137.00
173.00 151.00
175.00 155.00
171.00 157.00
168.00 151.00
171.00 145.00
170.00 137.00
165.00 124.00
159.00 120.00
153.00 126.00
152.00 134.00
154.00 144.00
150.00 138.00
150.00 126.00
152.00 120.00
152.00 113.00
148.00 109.00
138.00 114.00
124.00 125.00
115.00 134.00
115.00 137.00
119.00 140.00
128.00 143.00
112.00 143.00
105.00 146.00
108.00 153.00
81.00 304.00
96.00 331.00
111.00 349.00
121.00 356.00
131.00 358.00
142.00 362.00
151.00 364.00
168.00 362.00
176.00 353.00
181.00 344.00
174.00 332.00
185.00 326.00
200.00 316.00
214.00 303.00
215.00 290.00
200.00 292.00
184.00 296.00
191.00 290.00
199.00 287.00
198.00 280.00
194.00 270.00
184.00 270.00
178.00 265.00
166.00 262.00
154.00 262.00
138.00 264.00
123.00 267.00
115.00 272.00
109.00 277.00
91.00 284.00
92.00 290.00
87.00 289.00
80.00 293.00
204.00 193.00
227.00 189.00
252.00 187.00
280.00 197.00
299.00 206.00
310.00 217.00
314.00 233.00
308.00 241.00
300.00 244.00
294.00 219.00
282.00 210.00
264.00 202.00
221.00 205.00
207.00 207.00
195.00 213.00
189.00 223.00
182.00 224.00
174.00 211.00
184.00 205.00
198.00 199.00
132.00 204.00
139.00 208.00
142.00 216.00
137.00 218.00
139.00 231.00
147.00 239.00
152.00 239.00
164.00 244.00
171.00 245.00
165.00 248.00
155.00 248.00
149.00 246.00
137.00 236.00
100.00 236.00
105.00 234.00
104.00 239.00
361.00 216.00
355.00 226.00
357.00 214.00
