125 60
130 195
143 233
151 232
112 22
104 23
186 141
69 114
8 141
10 151
247 114
245 104
183 152
72 103
145 63
110 192
118 233
137 22
106 232
149 23
102 231
153 24
111 62
144 193
96 70
159 185
96 230
159 25
87 228
168 27
165 229
90 26
175 226
80 29
158 69
97 186
73 223
182 32
187 221
68 34
196 216
59 39
62 218
193 37
167 77
88 178
13 161
242 94
56 41
84 81
171 174
187 119
68 136
46 48
209 207
34 59
26 69
221 196
229 186
175 86
80 169
51 211
204 44
177 166
78 89
38 200
217 55
180 95
75 160
27 187
228 68
183 101
72 154
8 118
247 137
18 173
237 82
19 80
236 175
14 92
241 163
186 113
69 142
12 98
243 157
9 110
246 145
3 2
5 4
9 8
11 10
12 6
13 7
46 9
32 30
47 11
33 31
30 3
31 5
7 52
6 51
56 55
58 57
24 49
25 50
34 14
35 15
75 46
38 32
76 47
39 33
1 23
0 22
63 12
64 13
23 25
22 24
15 1
14 0
77 56
42 61
78 58
43 62
48 41
18 20
19 21
20 26
21 27
52 82
51 81
83 79
84 80
72 68
71 67
73 85
74 86
26 28
27 29
49 64
50 63
41 39
40 38
68 60
67 59
16 18
17 19
45 35
44 34
59 44
60 45
36 42
37 43
53 48
82 72
81 71
85 83
86 84
79 77
80 78
28 36
29 37
54 40
55 53
57 54
69 75
70 76
61 65
62 66
65 69
66 70
8 73
10 74
2 16
4 17
