75
220 287
202 289
195 295
190 305
189 317
189 334
190 345
189 361
183 382
169 390
152 397
136 397
120 390
107 381
96 364
94 354
88 340
88 327
86 307
97 302
109 290
123 287
137 286
151 278
163 274
171 262
175 246
166 235
148 224
133 222
109 220
99 215
93 200
92 184
98 164
113 150
130 141
143 134
159 129
177 127
191 133
205 141
205 149
205 160
205 171
205 188
207 202
208 215
212 230
236 242
246 240
265 237
287 230
297 221
311 215
325 210
341 199
362 198
369 209
386 220
384 235
383 249
383 266
379 285
371 298
357 306
346 309
329 309
318 312
305 313
295 313
270 311
260 306
252 299
238 292
