43
164.953 378.914
179.297 380.109
194.836 380.109
203.203 376.523
209.18 368.156
212.766 359.789
212.766 349.031
212.766 337.078
212.766 322.734
212.766 311.977
215.156 301.219
222.328 298.828
229.5 297.633
233.086 302.414
231.891 310.781
233.086 317.953
234.281 327.516
234.281 339.469
233.086 347.836
231.891 356.203
230.695 366.961
223.523 377.719
228.305 371.742
210.375 303.609
215.156 328.711
222.328 387.281
225.914 396.844
235.477 404.016
246.234 407.602
277.312 411.188
261.773 408.797
314.367 414.773
350.227 388.477
372.938 347.836
374.133 276.117
366.961 213.961
301.219 155.391
215.156 138.656
135.07 167.344
103.992 243.844
103.992 319.148
119.531 360.984
143.438 377.719
