464
s  80 3640  2480 3640
s  2480 3640  2480 1240
s  2480 1240  80 1240
s  80 1240  80 3640
s  80 2440  2480 2440
s  1280 3640  1280 1240
c  80 3506    17689
c  2480 2440  17689
c  2480 3640  17689
c  80 2440    17689
c  80 1373    17689
c  80 1640    17689
c  1280 1240  17689
s  213 3640  213 1240
s  480 3640  480 1240
c  347 3640   17689
c  347 1240   17689
s  80 3506  2480 3506
s  80 1906  2480 1906
s  80 1573  2480 1573
s  80 1406  2480 1406
s  347 1240  2480 2306
s  213 3506  1413 1240
c  1191 1661  65025
c  613 3506   17689
s  80 3639  102 3637
s  102 3637  116 3635
s  116 3635  125 3632
s  125 3632  139 3626
s  139 3626  150 3619
s  150 3619  164 3610
s  164 3610  176 3599
s  176 3599  184 3589
s  184 3589  194 3576
s  194 3576  200 3564
s  200 3564  206 3551
s  206 3551  210 3537
s  210 3537  212 3523
s  212 3523  214 3506
s  214 3506  213 1372
s  213 1372  212 1359
s  212 1359  210 1345
s  210 1345  206 1330
s  206 1330  201 1317
s  201 1317  194 1304
s  194 1304  187 1293
s  187 1293  176 1280
s  176 1280  164 1269
s  164 1269  152 1261
s  152 1261  137 1253
s  137 1253  117 1245
s  117 1245  103 1241
s  103 1241  80 1240
s  80 1240  1387 1240
s  1387 1240  1396 1272
s  1396 1272  1410 1320
s  1410 1320  1431 1426
s  1431 1426  1443 1529
s  1443 1529  1447 1604
s  1447 1604  1446 1668
s  1446 1668  1444 1624
s  1444 1624  1435 1585
s  1435 1585  1424 1558
s  1424 1558  1409 1529
s  1409 1529  1386 1497
s  1386 1497  1365 1475
s  1365 1475  1346 1459
s  1346 1459  1326 1444
s  1326 1444  1297 1429
s  1297 1429  1271 1418
s  1271 1418  1250 1413
s  1250 1413  1223 1407
s  1223 1407  1191 1406
s  1191 1406  480 1406
s  480 1406  480 3506
s  480 3506  481 3524
s  481 3524  487 3547
s  487 3547  492 3562
s  492 3562  499 3575
s  499 3575  508 3588
s  508 3588  518 3599
s  518 3599  529 3610
s  529 3610  541 3619
s  541 3619  556 3626
s  556 3626  570 3633
s  570 3633  586 3637
s  586 3637  609 3640
s  609 3640  80 3639
s  -6159 3640  -3759 3640
s  -3759 3640  -3759 1240
s  -3759 1240  -6159 1240
s  -6159 1240  -6159 3640
s  -6159 2440  -3759 2440
s  -4959 3640  -4959 1240
c  -4959 2440    17689
s  -4959 2440  -4269 1240
s  -4959 2440  -5649 3640
s  -4959 2440  -3759 3130
s  -4959 2440  -6159 1750
c  -4959 2440  1270129
c  -4892 2324  1960000
c  -4359 3350    17689
s  -4204 3643  -4204 1098
c  -4337 2440    17689
s  -4470 2520  -4470 1098
s  -4959 2307  -3759 2307
c  -4070 2173    17689
c  -4604 2173    17689
c  -4070 1373    17689
s  -4225 3349  -4208 3492
s  -4208 3492  -4202 3641
s  -4202 3641  -4317 3640
s  -4317 3640  -4377 3657
s  -4377 3657  -4569 3696
s  -4569 3696  -4779 3720
s  -4779 3720  -4893 3724
s  -4893 3724  -5002 3720
s  -5002 3720  -5110 3707
s  -5110 3707  -5219 3686
s  -5219 3686  -5324 3656
s  -5324 3656  -5426 3618
s  -5426 3618  -5517 3577
s  -5517 3577  -5622 3519
s  -5622 3519  -5716 3456
s  -5716 3456  -5799 3390
s  -5799 3390  -5882 3313
s  -5882 3313  -5956 3234
s  -5956 3234  -6024 3149
s  -6024 3149  -6084 3058
s  -6084 3058  -6138 2963
s  -6138 2963  -6185 2860
s  -6185 2860  -6223 2757
s  -6223 2757  -6252 2654
s  -6252 2654  -6270 2563
s  -6270 2563  -6282 2469
s  -6282 2469  -6285 2371
s  -6285 2371  -6282 2279
s  -6282 2279  -6271 2186
s  -6271 2186  -6252 2092
s  -6252 2092  -6226 2000
s  -6226 2000  -6191 1906
s  -6191 1906  -6153 1825
s  -6153 1825  -6106 1740
s  -6106 1740  -6053 1661
s  -6053 1661  -5996 1589
s  -5996 1589  -5933 1520
s  -5933 1520  -5861 1453
s  -5861 1453  -5788 1397
s  -5788 1397  -5706 1340
s  -5706 1340  -5624 1295
s  -5624 1295  -5537 1255
s  -5537 1255  -5448 1223
s  -5448 1223  -5354 1196
s  -5354 1196  -5262 1177
s  -5262 1177  -5162 1166
s  -5162 1166  -5005 1160
s  -5005 1160  -4960 1158
s  -4960 1158  -4759 1165
s  -4759 1165  -4570 1187
s  -4570 1187  -4374 1227
s  -4374 1227  -4204 1275
s  -4204 1275  -4204 2181
s  -4204 2181  -4201 2198
s  -4201 2198  -4197 2214
s  -4197 2214  -4192 2228
s  -4192 2228  -4184 2243
s  -4184 2243  -4175 2256
s  -4175 2256  -4164 2268
s  -4164 2268  -4152 2278
s  -4152 2278  -4141 2287
s  -4141 2287  -4127 2294
s  -4127 2294  -4114 2300
s  -4114 2300  -4098 2304
s  -4098 2304  -4070 2307
s  -4070 2307  -4600 2307
s  -4600 2307  -4580 2304
s  -4580 2304  -4563 2300
s  -4563 2300  -4553 2297
s  -4553 2297  -4535 2288
s  -4535 2288  -4526 2281
s  -4526 2281  -4516 2274
s  -4516 2274  -4507 2265
s  -4507 2265  -4501 2259
s  -4501 2259  -4494 2249
s  -4494 2249  -4487 2239
s  -4487 2239  -4482 2228
s  -4482 2228  -4478 2219
s  -4478 2219  -4474 2205
s  -4474 2205  -4470 2183
s  -4470 2183  -4470 1369
s  -4470 1369  -4588 1345
s  -4588 1345  -4769 1323
s  -4769 1323  -4834 1321
s  -4834 1321  -4959 1316
s  -4959 1316  -5084 1322
s  -5084 1322  -5124 1329
s  -5124 1329  -5214 1354
s  -5214 1354  -5305 1387
s  -5305 1387  -5387 1426
s  -5387 1426  -5474 1474
s  -5474 1474  -5553 1527
s  -5553 1527  -5628 1585
s  -5628 1585  -5699 1651
s  -5699 1651  -5760 1718
s  -5760 1718  -5821 1794
s  -5821 1794  -5875 1874
s  -5875 1874  -5919 1954
s  -5919 1954  -5960 2042
s  -5960 2042  -5993 2131
s  -5993 2131  -6019 2224
s  -6019 2224  -6038 2319
s  -6038 2319  -6050 2415
s  -6050 2415  -6053 2509
s  -6053 2509  -6048 2606
s  -6048 2606  -6037 2698
s  -6037 2698  -6019 2790
s  -6019 2790  -5994 2879
s  -5994 2879  -5981 2914
s  -5981 2914  -5962 2952
s  -5962 2952  -5919 3030
s  -5919 3030  -5873 3101
s  -5873 3101  -5817 3171
s  -5817 3171  -5757 3237
s  -5757 3237  -5690 3298
s  -5690 3298  -5623 3350
s  -5623 3350  -5550 3399
s  -5550 3399  -5470 3445
s  -5470 3445  -5394 3480
s  -5394 3480  -5308 3512
s  -5308 3512  -5223 3536
s  -5223 3536  -5137 3552
s  -5137 3552  -5058 3563
s  -5058 3563  -4959 3567
s  -4959 3567  -4829 3563
s  -4829 3563  -4772 3560
s  -4772 3560  -4593 3539
s  -4593 3539  -4408 3502
s  -4408 3502  -4319 3477
s  -4319 3477  -4294 3466
s  -4294 3466  -4268 3448
s  -4268 3448  -4250 3428
s  -4250 3428  -4239 3408
s  -4239 3408  -4229 3378
s  -4229 3378  -4225 3349
s  -2999 3640  -599 3640
s  -599 3640  -599 1240
s  -599 1240  -2999 1240
s  -2999 1240  -2999 3640
s  -2999 2440  -599 2440
s  -1799 3640  -1799 1240
c  -1799 2307   17689
c  -2999 2307   17689
c  -599 2307    17689
c  -1799 2173   17689
s  -2999 2307  -599 2307
s  -2999 2173  -599 2173
c  -1799 2240 1960000
c  -2644 1240   17689
c  -954 1240    17689
s  -2077 3640  -1073 1178
s  -1897 3908  -810 1240
s  -2777 1240  -1831 3928
s  -2577 1240  -1732 3640
c  -2389 1373   17689
c  -2999 1550   96100
c  -599 1555    99225
c  -1198 1308     4489
s  -1865 3831  -2705 1447
s  -2705 1447  -2725 1405
s  -2725 1405  -2734 1388
s  -2734 1388  -2744 1373
s  -2744 1373  -2762 1350
s  -2762 1350  -2772 1339
s  -2772 1339  -2783 1328
s  -2783 1328  -2795 1317
s  -2795 1317  -2807 1307
s  -2807 1307  -2827 1292
s  -2827 1292  -2854 1277
s  -2854 1277  -2877 1265
s  -2877 1265  -2902 1255
s  -2902 1255  -2926 1249
s  -2926 1249  -2953 1244
s  -2953 1244  -2984 1240
s  -2984 1240  -2377 1240
s  -2377 1240  -2414 1242
s  -2414 1242  -2440 1250
s  -2440 1250  -2459 1260
s  -2459 1260  -2474 1271
s  -2474 1271  -2488 1285
s  -2488 1285  -2501 1301
s  -2501 1301  -2510 1318
s  -2510 1318  -2517 1338
s  -2517 1338  -2522 1361
s  -2522 1361  -2523 1375
s  -2523 1375  -2520 1394
s  -2520 1394  -2514 1420
s  -2514 1420  -1892 3187
s  -1892 3187  -1135 1331
s  -1135 1331  -1131 1310
s  -1131 1310  -1133 1296
s  -1133 1296  -1136 1284
s  -1136 1284  -1141 1273
s  -1141 1273  -1148 1264
s  -1148 1264  -1157 1255
s  -1157 1255  -1168 1248
s  -1168 1248  -1181 1243
s  -1181 1243  -1198 1240
s  -1198 1240  -615 1240
s  -615 1240  -647 1243
s  -647 1243  -672 1249
s  -672 1249  -696 1255
s  -696 1255  -720 1264
s  -720 1264  -743 1275
s  -743 1275  -764 1286
s  -764 1286  -784 1300
s  -784 1300  -804 1316
s  -804 1316  -822 1332
s  -822 1332  -839 1350
s  -839 1350  -854 1370
s  -854 1370  -868 1391
s  -868 1391  -880 1412
s  -880 1412  -1865 3831
s  -2253 2173  -2206 2307
s  -2206 2307  -1538 2307
s  -1538 2307  -1483 2173
s  -1483 2173  -2253 2173
s  -9239 3640  -6839 3640
s  -6839 3640  -6839 1240
s  -6839 1240  -9239 1240
s  -9239 1240  -9239 3640
s  -9239 2440  -6839 2440
s  -8039 3640  -8039 1240
c  -8039 2440    17689
s  -8039 2440  -7349 1240
s  -8039 2440  -8729 3640
s  -8039 2440  -6839 3130
s  -8039 2440  -9239 1750
c  -8039 2440  1270129
c  -7972 2324  1960000
s  -8039 1240  -6839 2440
c -7439 3350    17689
c  -7599 1680    99225
s  -7305 3349  -7288 3492
s  -7288 3492  -7282 3641
s  -7282 3641  -7397 3640
s  -7397 3640  -7457 3657
s  -7457 3657  -7649 3696
s  -7649 3696  -7859 3720
s  -7859 3720  -7973 3724
s  -7973 3724  -8082 3720
s  -8082 3720  -8190 3707
s  -8190 3707  -8299 3686
s  -8299 3686  -8404 3656
s  -8404 3656  -8506 3618
s  -8506 3618  -8597 3577
s  -8597 3577  -8702 3519
s  -8702 3519  -8796 3456
s  -8796 3456  -8879 3390
s  -8879 3390  -8962 3313
s  -8962 3313  -9036 3234
s  -9036 3234  -9104 3149
s  -9104 3149  -9164 3058
s  -9164 3058  -9218 2963
s  -9218 2963  -9265 2860
s  -9265 2860  -9303 2757
s  -9303 2757  -9332 2654
s  -9332 2654  -9350 2563
s  -9350 2563  -9362 2469
s  -9362 2469  -9365 2371
s  -9365 2371  -9362 2279
s  -9362 2279  -9351 2186
s  -9351 2186  -9332 2092
s  -9332 2092  -9306 2000
s  -9306 2000  -9271 1906
s  -9271 1906  -9233 1825
s  -9233 1825  -9186 1740
s  -9186 1740  -9133 1661
s  -9133 1661  -9076 1589
s  -9076 1589  -8941 1453
s  -9013 1520  -8941 1453
s  -8941 1453  -8868 1397
s  -8868 1397  -8786 1340
s  -8786 1340  -8704 1295
s  -8704 1295  -8617 1255
s  -8617 1255  -8528 1223
s  -8528 1223  -8434 1196
s  -8434 1196  -8342 1177
s  -8342 1177  -8242 1166
s  -8242 1166  -8085 1160
s  -8085 1160  -8040 1158
s  -8040 1158  -7839 1165
s  -7839 1165  -7650 1187
s  -7650 1187  -7350 1255
s  -7350 1255  -7454 1227
s  -7454 1227  -7350 1255
s  -7350 1255  -7340 1295
s  -7340 1295  -7309 1447
s  -7309 1447  -7292 1598
s  -7292 1598  -7290 1621
s  -7290 1621  -7298 1591
s  -7298 1591  -7309 1558
s  -7309 1558  -7329 1517
s  -7329 1517  -7346 1494
s  -7346 1494  -7366 1469
s  -7366 1469  -7398 1439
s  -7398 1439  -7417 1423
s  -7417 1423  -7449 1404
s  -7449 1404  -7510 1377
s  -7476 1391  -7510 1377
s  -7510 1377  -7542 1370
s  -7542 1370  -7668 1345
s  -7668 1345  -7849 1323
s  -7849 1323  -7914 1321
s  -7914 1321  -8039 1316
s  -8039 1316  -8164 1322
s  -8164 1322  -8204 1329
s  -8204 1329  -8294 1354
s  -8294 1354  -8385 1387
s  -8385 1387  -8467 1426
s  -8467 1426  -8554 1474
s  -8554 1474  -8633 1527
s  -8633 1527  -8708 1585
s  -8708 1585  -8779 1651
s  -8779 1651  -8840 1718
s  -8840 1718  -8901 1794
s  -8901 1794  -8955 1874
s  -8955 1874  -8999 1954
s  -8999 1954  -9040 2042
s  -9040 2042  -9073 2131
s  -9073 2131  -9099 2224
s  -9099 2224  -9118 2319
s  -9118 2319  -9130 2415
s  -9130 2415  -9133 2509
s  -9133 2509  -9128 2606
s  -9128 2606  -9117 2698
s  -9117 2698  -9099 2790
s  -9099 2790  -9074 2879
s  -9074 2879  -9061 2914
s  -9061 2914  -9042 2952
s  -9042 2952  -8999 3030
s  -8999 3030  -8953 3101
s  -8953 3101  -8897 3171
s  -8897 3171  -8837 3237
s  -8837 3237  -8770 3298
s  -8770 3298  -8703 3350
s  -8703 3350  -8630 3399
s  -8630 3399  -8550 3445
s  -8550 3445  -8474 3480
s  -8474 3480  -8388 3512
s  -8388 3512  -8303 3536
s  -8303 3536  -8217 3552
s  -8217 3552  -8138 3563
s  -8138 3563  -8039 3567
s  -8039 3567  -7909 3563
s  -7909 3563  -7852 3560
s  -7852 3560  -7673 3539
s  -7673 3539  -7489 3502
s  -7489 3502  -7399 3477
s  -7399 3477  -7374 3466
s  -7374 3466  -7348 3448
s  -7348 3448  -7330 3428
s  -7330 3428  -7319 3408
s  -7319 3408  -7309 3378
s  -7309 3378  -7305 3349
