18
a 0 0 1 0 0 -1  1  0.125 8  8 0.125
a 0 0 1 0 0 -2  1  0.25  8  8 0.25
a 0 0 1 0 0 -4  1  0.5   8  8 0.5
a 0 0 1 0 0 -8  1  1     8  8 1
a 0 0 1 0 0 -1  1  -0.125 -8  -8 -0.125
a 0 0 1 0 0 -2  1  -0.25  -8  -8 -0.25
a 0 0 1 0 0 -4  1  -0.5   -8  -8 -0.5
a 0 0 1 0 0 -8  1  -1     -8  -8 -1
a 0 0 1 0 0 1  -1  -0.125 8  -8 0.125
a 0 0 1 0 0 2  -1  -0.25  8  -8 0.25
a 0 0 1 0 0 4  -1  -0.5   8  -8 0.5
a 0 0 1 0 0 8  -1  -1     8  -8 1
a 0 0 1 0 0 1  -1  0.125 -8  8 -0.125
a 0 0 1 0 0 2  -1  0.25  -8  8 -0.25
a 0 0 1 0 0 4  -1  0.5   -8  8 -0.5
a 0 0 1 0 0 8  -1  1     -8  8 -1
f 25 49 0 0 0 -1225
f 49 25 0 0 0 -1225



