1000
-0.0164722 0.0382453 0.0209318
-0.0641407 0.171114 -0.0471776
0.023086 0.119339 0.0317977
0.00506037 0.0347021 0.0393176
-0.066143 0.143958 0.0413147
-0.0445017 0.163753 0.00542301
-0.0689729 0.181022 -0.0546459
-0.0931085 0.131006 0.0192314
0.000506827 0.0489752 0.0512269
-0.0615935 0.160001 -0.0315914
-0.0245032 0.0960169 0.0442753
-0.0258992 0.0891655 0.049535
-0.000499367 0.0456802 0.0470389
-0.0171808 0.0654583 0.0528522
0.00116916 0.131228 0.00582139
-0.0356565 0.122935 -0.00798984
-0.0701892 0.156285 0.021569
-0.0173569 0.038443 0.0259817
-0.0716413 0.0763478 -0.0132577
0.0528545 0.0568172 0.0288563
-0.0325067 0.0732308 0.0407775
-0.0760686 0.150008 -0.00987485
-0.030561 0.0774145 0.0410957
-0.0833901 0.0762729 0.00451303
-0.000492618 0.0925258 0.0556594
-0.0358778 0.159506 0.00240863
0.0115111 0.114076 0.0384616
-0.0877889 0.0887187 0.00347532
-0.0261028 0.115949 -0.0147279
-0.0682913 0.165205 -0.0539869
-0.0225512 0.0933694 -0.0331106
-0.0538783 0.0999149 -0.0214389
0.0435587 0.0959151 0.0211557
-0.0167991 0.0388632 -0.0107644
-0.0569142 0.0548839 0.00364185
0.00749229 0.091015 0.0542708
-0.065316 0.0625169 -0.002419
-0.00749647 0.119689 0.0375376
-0.0772165 0.0934484 -0.0125951
-0.029008 0.0478606 -0.0250513
0.00934189 0.0553527 -0.0303034
-0.0578677 0.104042 -0.0186102
0.0405495 0.0999198 -0.00379356
-0.0894314 0.137929 0.0371779
0.00710731 0.126603 -0.00643182
0.058913 0.070492 0.0108657
-0.0922485 0.120133 0.0292903
0.0395325 0.105566 0.0221621
-0.0376065 0.0365426 0.0444186
-0.0550158 0.128128 -0.00563226
-0.0561672 0.0336533 0.0186553
0.0123436 0.0351165 0.0296251
-0.0899184 0.131005 0.0413145
0.0065365 0.100373 0.0469448
-0.0502879 0.133796 0.0278403
-0.0716838 0.0351362 0.00880221
0.0579126 0.0523842 0.0101848
-0.0639212 0.154791 0.00385831
-0.0654795 0.0384216 -0.00684663
-0.0615513 0.0624603 0.0259481
-0.0368013 0.0842007 -0.0223672
0.0522757 0.0574291 -0.0035048
-0.0764972 0.123179 0.0527664
0.0302998 0.0694384 -0.019812
-0.0334269 0.0486094 0.0413091
-0.00450651 0.0689184 0.0565193
0.0425976 0.0887597 -0.00680771
-0.0707351 0.156208 0.0228366
0.0548799 0.0492406 0.0202107
-0.00962948 0.168316 -0.023669
-0.0313363 0.11605 -0.0148117
-0.0225249 0.125571 0.0012278
0.0122871 0.124953 0.0313975
-0.0343047 0.125361 0.0205265
-0.038499 0.0747376 0.0420783
0.0292349 0.0759579 -0.0220376
-0.0255784 0.0477093 -0.0263526
-0.0750958 0.151313 -0.0258791
0.0057743 0.0347896 0.0375885
-0.0926124 0.120126 0.0272917
-0.0366664 0.175138 -0.00407486
-0.00549337 0.088417 0.0570387
-0.0711473 0.17507 -0.0540267
-0.0776118 0.0739521 0.0284675
0.0376746 0.104662 0.0282621
-0.0634881 0.121359 0.0469409
0.0233296 0.0564006 -0.0254415
-0.0399361 0.123254 0.0259269
-0.000577398 0.0341134 -0.0181551
-0.000496894 0.0520342 0.0541515
-0.0701023 0.177167 -0.0478719
-0.0641167 0.143926 0.0389732
-0.0679369 0.165269 -0.0197719
-0.0681029 0.138305 0.0455026
-0.00280426 0.0384802 0.0198949
-0.0628273 0.0924874 -0.0189476
0.0084946 0.0869435 0.0558386
0.00910286 0.0348066 0.0183719
-0.0195983 0.126231 0.0213862
-0.0584949 0.143878 0.0330085
-0.0218343 0.0553077 0.0451067
-0.0645685 0.147457 -0.0230581
0.0426227 0.0691122 -0.00279622
-0.035813 0.0842739 -0.0225525
-0.0819685 0.0791215 0.0284136
0.0328852 0.113087 -0.00384394
-0.0677123 0.168615 -0.0283035
-0.0556635 0.140996 0.0299986
-0.0764958 0.131682 0.0526442
0.0421796 0.0832522 0.0293553
-0.0848653 0.0855483 0.0264341
-0.0329445 0.121338 0.0269922
-0.0320197 0.058187 -0.0133973
-0.0322785 0.0421631 -0.0296986
0.0401757 0.067497 -0.00878165
-0.0904989 0.148452 0.0245146
-0.00947974 0.0561444 0.0530127
-0.0310333 0.0383692 -0.000250742
-0.0780713 0.150403 0.0367551
-0.0872126 0.146051 0.00824907
-0.0735722 0.148626 -0.0268487
-0.00548676 0.116904 0.0394711
-0.0599006 0.132533 0.037981
-0.093479 0.129659 0.0212406
-0.0639063 0.120904 -0.00875525
-0.028606 0.0356961 0.0524615
-0.0652024 0.153998 -0.041972
-0.0262134 0.0765572 0.0473962
-0.0774721 0.155387 0.0234212
-0.0628707 0.0345025 0.0358026
0.0434964 0.0555926 0.0322399
-0.0618022 0.142496 0.0370478
-0.0638273 0.0910291 -0.0188305
-0.0636286 0.0672101 0.0337087
-0.0842132 0.092522 0.0298256
0.0185123 0.115397 0.0365584
-0.0666269 0.131204 0.0458398
-0.0653475 0.165775 -0.0260007
-0.0182573 0.181629 -0.0177335
-0.0142757 0.185348 -0.0257883
0.0485082 0.0624718 0.0300814
-0.0254927 0.0974122 0.0441083
-0.0446561 0.0349999 0.0427486
-0.0616719 0.0410515 0.0160296
-0.0179307 0.0931593 -0.0348763
-0.00828798 0.130102 0.00662088
-0.0525878 0.149334 0.020403
-0.0102534 0.128943 0.0232512
0.0445378 0.0959706 0.0101622
-0.0465291 0.0335268 -0.00814027
0.00437534 0.131145 0.0198749
-0.0394369 0.03436 0.0321562
-0.0107155 0.127812 0.0260097
-0.0273383 0.17123 -0.0098418
-0.0037118 0.0655569 -0.0347446
-0.0630689 0.150547 -0.0265942
-0.0776846 0.16386 -0.0329461
-0.0728796 0.151218 -0.0388899
0.038172 0.0967289 0.0325586
-0.058907 0.0983413 -0.0195805
-0.00549542 0.0965711 0.0536823
0.00650609 0.0503877 0.0517539
-0.0847722 0.113367 0.0459387
0.0309512 0.0822193 0.0430727
-0.0159859 0.0984773 0.0464357
0.0361586 0.0781359 0.0382445
0.0417308 0.0422749 0.000248643
-0.0631435 0.175042 -0.061564
-0.0251041 0.0945178 -0.0276305
0.018776 0.122594 -0.0061273
0.0173125 0.0726566 0.0514253
-0.0377229 0.0724783 -0.0174913
0.0173872 0.0432828 -0.0228623
0.0416262 0.0912615 0.0286616
-0.050567 0.0474222 -0.00850865
-0.0150865 0.162585 -0.00969001
0.0143357 0.0566765 -0.0290221
-0.0309078 0.065095 -0.0224325
0.045522 0.0805737 0.00219452
-0.0725374 0.138625 0.0483183
-0.0476365 0.150675 0.00992423
-0.0799103 0.125126 -0.00560703
-0.051025 0.159915 -0.00453945
0.00139766 0.0419298 -0.0244976
-0.0664219 0.0352675 0.015055
-0.00832508 0.130422 0.0138058
-0.00366678 0.0481589 -0.0301707
-0.0738566 0.161044 -0.0339379
0.0319703 0.0475137 0.0318758
0.0188215 0.126955 0.00377584
-0.0309617 0.044825 -0.0281993
0.0456484 0.0875951 0.00518134
-0.0521074 0.0583062 0.0285239
-0.0171825 0.0382402 0.011747
-0.0692976 0.0615474 0.00912978
-0.0232044 0.175652 -0.0207635
-0.0406662 0.0592305 -0.0118049
0.0572429 0.0508905 0.0121849
-0.0488285 0.0416917 0.0446681
0.0455301 0.0677752 0.0254231
-0.0846369 0.110251 0.00429821
-0.0754652 0.163196 -0.0162299
-0.0247271 0.0564997 0.0408849
-0.0639975 0.0601011 0.00610183
-0.0741599 0.155538 0.00126713
-0.0728899 0.122329 -0.00823917
0.010861 0.0360066 0.0447493
0.0150176 0.0355797 0.04239
-0.0437155 0.0710509 -0.0175901
0.0271589 0.093209 -0.0206672
-0.00592646 0.12418 0.0336126
-0.0810295 0.0895599 -0.00769505
-0.0920663 0.121362 0.00826874
-0.0862277 0.0832671 0.00749085
-0.085371 0.127983 -0.0026626
-0.081815 0.108922 0.02836
-0.0491537 0.135503 0.0034228
0.00885847 0.0887054 -0.0320419
-0.0673146 0.0446682 0.00602001
0.0152697 0.128852 0.0195703
0.0231834 0.0422122 0.040252
-0.0286261 0.0463451 -0.0269667
0.0449154 0.0763231 0.00019353
-0.0387296 0.0739178 -0.0177449
0.0212191 0.0819428 -0.0266321
-0.00126307 0.039726 0.0470556
-0.0261021 0.0379463 0.0228342
-0.0448562 0.101383 -0.0214692
-0.0014827 0.0390261 -0.00225591
-0.0648948 0.103911 -0.0165942
-0.0624902 0.155293 -0.0145941
0.000436968 0.130385 0.0227651
-0.0219738 0.059501 0.0451263
-0.0502789 0.129408 -0.00267456
-0.0216757 0.065257 0.0474751
-0.0621482 0.16155 -0.0395978
0.0427418 0.0916392 0.0261768
0.00967962 0.127274 0.0289934
-0.0728707 0.168003 -0.0450202
-0.0305611 0.179398 -0.00755573
0.0341402 0.0902832 0.0407178
-0.0491119 0.0361611 0.0459929
0.0392087 0.0739776 0.0338431
-0.0897017 0.151503 0.0171224
0.0407967 0.105643 0.0101649
-0.023633 0.0478399 -0.0272396
-0.0504958 0.0862332 0.0455716
-0.0451092 0.153606 0.00834539
-0.0616087 0.146812 0.0373554
0.0280342 0.0346822 0.009507
0.0565861 0.0685555 0.00335277
-0.027568 0.0674298 0.0392602
-0.0926576 0.117463 0.0373027
-0.0334278 0.124984 0.0208436
-0.0602518 0.034678 0.0430709
-0.0574989 0.107052 0.0398301
-0.091226 0.128161 0.00727002
0.0400022 0.0913669 0.0315547
-0.0656743 0.138242 0.0419702
-0.0852141 0.0805923 0.0204766
-0.0444957 0.111173 0.0370595
-0.044489 0.0803636 0.042222
-0.00648998 0.122405 0.0354776
0.00602348 0.111527 -0.0200414
-0.0860119 0.132159 0.00027761
0.0521231 0.0734583 0.0172399
-0.0155403 0.0446621 0.0510487
-0.0397503 0.0768521 -0.0186787
-0.0682155 0.0787029 0.0404793
-0.0813927 0.0758934 0.0225084
-0.010188 0.0386565 4.14997e-05
-0.00149609 0.0912323 -0.0347548
-0.0294974 0.111128 0.0367729
-0.0503924 0.0501648 0.0186468
-0.0104698 0.070299 0.0557764
0.0327323 0.0809002 0.0421262
-0.0328911 0.122131 -0.00712262
-0.0861948 0.1005 0.0258994
-0.0319282 0.178722 -0.00808101
-0.050675 0.140101 0.0024044
-0.0346788 0.0636729 -0.0139354
-0.00820144 0.0344928 -0.0181278
-0.0830162 0.0939316 0.0314035
0.0438286 0.0611702 -0.00330591
-0.0162799 0.127645 0.0211086
-0.0615233 0.0354132 0.043881
-0.0755937 0.0809959 -0.0116148
-0.0632393 0.166259 -0.0385929
-0.0156738 0.0511142 -0.0317767
0.000751147 0.0339678 -0.0215355
-0.0534027 0.0336932 0.022744
0.0102837 0.0348658 -0.0091814
-0.0285082 0.0874866 -0.0336017
-0.0849712 0.111906 0.0292041
-0.0732162 0.169408 -0.0460252
-0.00746424 0.110009 0.0430329
-0.0587154 0.0723411 -0.016523
-0.00333145 0.0968513 -0.0305901
0.0385608 0.0713011 0.0346329
-0.0463734 0.133247 0.0130756
-0.0474986 0.104275 0.0408376
-0.0714849 0.147284 -0.0260827
-0.0404433 0.0461446 -0.0193164
0.000709469 0.125628 -0.00726116
0.028516 0.117882 -0.00302906
-0.00249354 0.0746702 0.0587588
0.0463101 0.0806468 0.00818141
-0.0245515 0.114015 0.0358596
-0.0396488 0.0563195 -0.0111963
-0.0236961 0.0607746 0.0425604
-0.0336359 0.0548461 -0.0105101
-0.0585033 0.0337545 0.0163089
0.0212208 0.126407 0.0160623
-0.0729862 0.15207 0.0354642
-0.085378 0.128494 0.0496125
0.00429457 0.122356 -0.0118056
0.0203517 0.0672611 0.0487139
-0.0452845 0.0395903 -0.0182935
-0.0211124 0.182965 -0.0210132
-0.0295465 0.0819132 0.0441437
-0.0777488 0.07493 0.029356
0.00824435 0.0966482 -0.0263491
-0.0588066 0.0854157 -0.0208208
-0.0718999 0.113582 -0.00821597
-0.0893735 0.0901981 0.0104595
0.032603 0.0835706 0.0419526
-0.0230608 0.0594124 0.0433799
0.0284544 0.121423 0.0116324
-0.0832785 0.12444 0.0504652
-0.0396241 0.0520021 -0.0108773
0.00721225 0.0837864 -0.0330068
-0.046713 0.131987 0.00556897
-0.0663702 0.157999 -0.00906779
-0.067736 0.0779793 -0.0166569
-0.0508692 0.102779 -0.0209206
-0.0828958 0.151378 0.00422572
-0.0346622 0.118788 -0.0116368
-0.0726425 0.0716156 -0.00744076
-0.059725 0.0469427 0.0326718
-0.0468444 0.033579 -0.0045851
-0.0384976 0.100064 0.0415702
-0.050989 0.121022 -0.0119137
-0.0624226 0.152205 -0.0125757
-0.085741 0.151793 0.0266482
-0.0826468 0.144713 0.0407672
-0.0685649 0.0705046 -0.00966184
-0.0734033 0.167233 -0.0217479
-0.0455099 0.155064 0.0077969
0.022652 0.0862116 0.0486888
0.043364 0.0547822 -0.00644446
-0.054457 0.14621 0.0274041
-0.0639777 0.155958 0.0237716
-0.0882347 0.0861347 0.011472
0.00545294 0.1216 -0.0129959
-0.0334673 0.174268 -0.00177832
-0.00402179 0.129762 0.0240423
-0.0185051 0.0711438 0.0540217
-0.0872329 0.150111 0.00920897
-0.090033 0.147105 0.0269347
-0.0141936 0.0419832 0.0511586
-0.0335873 0.154463 -0.00838872
0.0441357 0.083266 -0.000805736
-0.0528842 0.102762 -0.0205636
-0.0125091 0.0815143 0.0575917
0.0197435 0.125962 0.0226458
-0.067993 0.0619274 0.01978
-0.0216083 0.039391 -0.0287125
-0.0767116 0.165247 -0.022942
-0.0861936 0.111308 0.0401352
-0.0238165 0.0854111 -0.0376407
-0.0442161 0.123225 0.0243959
-0.0175443 0.0460366 0.0510389
-0.0272334 0.0902723 -0.0326005
-0.0459359 0.168402 -0.00594095
0.0355423 0.0512597 0.0315836
0.0451079 0.0636949 -0.00183531
-0.0368834 0.125578 -0.00482073
0.0196258 0.0457587 -0.0217227
-0.00773224 0.109619 -0.0221011
-0.0514957 0.0876341 0.0455102
-0.00269376 0.0613003 -0.0344696
-0.0512049 0.147808 0.0143958
0.0266901 0.106496 -0.0148024
0.0383861 0.0476151 -0.00591592
-0.0136895 0.0952904 -0.0330103
0.0368491 0.0767795 0.0374896
-0.029592 0.0522946 -0.0203629
0.0482309 0.0500295 -0.00369862
0.0381363 0.0794306 0.0358549
-0.0677271 0.155796 -0.00229118
0.026043 0.0392404 0.0305576
0.0208388 0.126564 0.0173475
0.0159735 0.0448127 0.0438765
-0.0681757 0.118633 0.0523539
-0.065068 0.136793 0.0410949
-0.0454458 0.168254 0.00168996
-0.0715222 0.142818 0.0455702
-0.0604912 0.112522 0.03629
-0.00074702 0.0712329 -0.0350931
-0.0894331 0.150114 0.0121902
-0.0185746 0.0381525 0.0151621
0.0291213 0.0348096 0.00960912
0.0404448 0.0985503 0.0271661
0.0134712 0.0936014 0.0511282
-0.021496 0.103017 0.0435858
0.00918856 0.0342345 -0.00132638
-0.0508332 0.0956285 -0.0221275
-0.0613646 0.0394268 0.0439671
0.0264379 0.0968548 0.0436578
-0.0646669 0.0405364 0.0387423
0.0125029 0.0475354 0.045933
0.0412949 0.104257 0.00416372
-0.00222052 0.117102 -0.0161156
-0.00995662 0.169734 -0.0198047
0.0200755 0.0399795 -0.0157069
-0.0839165 0.110514 0.0395089
-0.0546435 0.116042 -0.0146857
0.0268767 0.0854059 -0.022529
-0.0543926 0.0337363 0.0224962
-0.049781 0.0841032 -0.0216622
0.0431463 0.100109 0.00616795
0.0393814 0.0780345 0.0341058
-0.0162612 0.17862 -0.0260128
-0.0335093 0.0676035 0.0406399
-0.0176483 0.0352702 -0.0188352
-0.031463 0.0519033 0.0373773
-0.0803572 0.0803552 0.0319871
-0.0320868 0.159267 -0.0129293
0.0132853 0.0589897 0.0507165
-0.0103631 0.180289 -0.0277342
-0.0144925 0.0559441 0.0511232
-0.0246444 0.0381166 0.0247786
0.0170669 0.0871276 -0.028336
0.00372554 0.105196 -0.0213905
-0.0777857 0.156925 -0.0179137
0.0578227 0.0710073 0.0178627
-0.0582482 0.0336534 0.0128901
-0.0520861 0.0545712 0.0266312
0.0269849 0.113053 -0.00983991
0.0429421 0.0467386 0.030224
0.00548112 0.11414 0.0405028
0.0607975 0.0637336 0.0101416
-0.0895137 0.135181 0.0391853
-0.0822803 0.139383 0.0462108
0.00350363 0.0883757 0.0563643
-0.0599112 0.109712 -0.0163845
-0.0699244 0.107994 -0.0118147
-0.073438 0.145781 -0.0138542
-0.0702694 0.156361 0.0186365
0.0365208 0.0713424 0.036933
-0.0764811 0.141399 0.0471717
-0.0338378 0.0943788 -0.02372
-0.0185768 0.055451 0.0489119
-0.0294962 0.107041 0.0398129
0.0351663 0.0783387 -0.0157415
-0.0823976 0.095314 0.0321564
0.0458052 0.08902 0.00916777
0.00466954 0.0341296 0.0180802
0.012258 0.0751733 -0.0308354
-0.0176564 0.0480544 -0.0295902
-0.0487658 0.0811872 -0.020682
-0.0375125 0.045091 0.0407522
0.00960807 0.0375632 0.0322947
0.0522688 0.0462249 0.00921199
-0.0452834 0.0395877 -0.019291
-0.0396931 0.126183 0.0200311
-0.0903381 0.144712 0.0141544
-0.0430213 0.0450576 -0.0153284
-0.0539191 0.129665 -0.00510771
-0.0384876 0.108386 0.0375357
-0.0496388 0.0605583 -0.0113235
-0.034501 0.115223 0.0328885
-0.0540284 0.131061 -0.00500164
-0.0147028 0.0389017 0.0333119
-0.0207376 0.0641563 -0.0358205
0.00590682 0.131658 0.0132863
-0.0819436 0.154696 0.0145801
0.0526661 0.0660937 -0.000184776
-0.0526201 0.14007 0.0244025
-0.0752504 0.177839 -0.0529463
-0.0574955 0.0946379 0.0447737
0.0456129 0.0904097 0.00518194
-0.0282629 0.122524 0.022734
-0.0680338 0.142566 0.0438693
-0.0643033 0.0426016 0.0312522
-0.0314971 0.102929 0.041974
-0.00589664 0.0980966 0.0519993
-0.0542782 0.132533 0.0338047
-0.0911122 0.11473 0.0343167
-0.0493972 0.140141 0.00739907
-0.0577664 0.0485104 0.00767417
-0.0629684 0.139576 0.0370615
-0.0122087 0.128137 0.0240139
0.00116984 0.129366 -0.00128907
-0.039496 0.0634667 0.0415276
-0.0427066 0.0696149 -0.0170299
-0.0721201 0.149786 -0.0402916
-0.0637423 0.168365 -0.0426884
-0.0228169 0.0383283 0.0285633
-0.0894925 0.143336 0.0131803
-0.0408822 0.128708 0.0107294
-0.043783 0.147719 0.00491206
0.00912223 0.0833108 0.0554277
-0.0543042 0.0335497 0.00301212
-0.0544171 0.0333785 -0.00775516
0.0295237 0.0727272 0.042682
-0.0504982 0.112495 0.0358796
-0.0240218 0.119915 -0.0108978
-0.0535232 0.0556038 0.0117195
-0.0480175 0.133707 0.00490199
0.00583381 0.129313 0.0261699
-0.0405566 0.149165 -0.00293165
-0.0286765 0.0690744 -0.0314836
0.0453693 0.0693828 0.00245115
0.0581659 0.056561 0.00517446
0.0192888 0.0651078 -0.0282476
-0.0228892 0.0739252 0.0512281
-0.0217183 0.113234 -0.017904
0.0365187 0.0526805 0.0315096
0.0490482 0.0539975 0.0303486
0.0175085 0.114012 0.0373101
-0.0328107 0.126843 0.0122027
-0.0687814 0.0336983 0.00353162
0.0220892 0.0906332 -0.0239505
-0.0460528 0.122513 0.026245
0.0381409 0.109688 0.00657231
0.0368421 0.0742334 -0.0127504
-0.0657975 0.0340784 0.0127357
-0.0706216 0.146831 -0.0255714
-0.0468292 0.091298 -0.0217206
-0.0914681 0.144718 0.0171554
-0.0624908 0.0343254 0.0238098
0.0543739 0.0477987 0.0161989
-0.0195403 0.1757 -0.0161256
0.0224671 0.0343921 0.00678503
-0.0654707 0.155271 0.00728456
-0.0897135 0.12265 0.00431103
-0.0501651 0.0361307 0.0461721
-0.0901888 0.139114 0.0151891
-0.0726107 0.156829 -0.0349095
-0.0334964 0.0718545 0.0411869
0.0106165 0.0644536 0.0539383
0.0274263 0.0491525 0.0376576
-0.0157908 0.169796 -0.0160148
-0.0608326 0.17151 -0.0610901
0.0136156 0.126814 -0.00267762
0.0293325 0.0535401 0.0386956
-0.0652579 0.153012 -0.0402459
0.0264019 0.036087 0.0225582
0.0101281 0.105858 -0.0202342
-0.0674046 0.0833115 0.0429955
-0.0312435 0.0538841 -0.0143722
0.0424267 0.0441756 -0.00158684
-0.0305089 0.0760274 0.0408429
-0.0849899 0.127963 -0.0030064
-0.0223249 0.0386602 -0.0135496
0.0216012 0.112963 -0.0137495
-0.0224297 0.0552774 0.0442986
-0.093152 0.121537 0.0362834
-0.0384463 0.166779 0.00239389
0.0317419 0.0667553 -0.0187125
-0.0127135 0.100022 -0.0239701
0.0204112 0.0371925 -0.00568428
0.0383001 0.0969495 -0.00880451
-0.0500528 0.150184 -0.0037815
-0.0578783 0.106898 -0.0179862
0.0485378 0.0682762 0.00156381
-0.0708965 0.0341323 0.00629169
-0.0871174 0.110466 0.0103621
-0.0235739 0.0944939 0.0470656
-0.0164815 0.0515035 0.0485835
0.0325428 0.0380502 1.57112e-05
0.0385774 0.0888011 0.0348199
-0.0628692 0.0445185 0.0382675
-0.0572856 0.125533 0.0399888
-0.0780066 0.0940671 0.0362827
-0.0361012 0.160724 -0.0132118
0.0200495 0.124902 -0.000599563
0.0101263 0.107276 -0.0197522
0.0224877 0.0961643 0.0466342
-0.077715 0.0852782 -0.0115916
-0.0164955 0.105778 0.0423459
-0.0725318 0.101313 0.038599
-0.0663565 0.0783826 0.0411592
-0.0644378 0.17995 -0.0588828
-0.0645973 0.171184 -0.0458828
0.0111199 0.129735 0.0223368
-0.018333 0.172741 -0.0161594
-0.0864925 0.10492 0.00639597
-0.0144943 0.0500942 0.0487331
-0.0855601 0.095177 0.0282718
1.67787e-05 0.0386604 0.0239291
0.0109499 0.0344084 0.00259617
-0.0270041 0.168274 -0.00938266
-0.0378811 0.107099 -0.0200653
0.060304 0.0664655 0.0101406
-0.0478845 0.108472 -0.0188663
0.0181085 0.0591163 0.0489014
-0.0260899 0.0522789 0.0395517
0.0049437 0.0984176 -0.0242128
-0.0623314 0.0357831 0.0433788
0.0110403 0.0725847 0.0546235
-0.0864956 0.084691 0.0204775
-0.00849993 0.0787667 0.0579153
-0.0260008 0.0382709 0.000860974
-0.06937 0.145758 -0.0234859
-0.0314168 0.117929 -0.0127586
-0.0261669 0.0378674 0.0174813
-0.0832309 0.120353 0.049216
-0.0617814 0.16156 -0.0355923
-0.0779669 0.165862 -0.0278956
-0.0698398 0.0922797 -0.0162924
0.0483255 0.0503286 -0.00380134
0.0451716 0.0889782 0.0181643
0.0329815 0.112282 -0.00498623
0.0279206 0.0916217 -0.0209795
0.0155 0.11402 0.0377783
-0.0105379 0.0431327 0.0497176
0.0606167 0.0609422 0.00915424
-0.0181983 0.18599 -0.0174024
0.0189716 0.115037 -0.0139804
-0.0590849 0.0644137 0.0318252
-0.0819254 0.12582 0.0519232
-0.0588398 0.0954803 -0.0203334
-0.0674426 0.148384 -0.0326115
0.0387628 0.10462 0.0262683
0.00841723 0.129272 0.0256623
-0.0196119 0.0364667 -0.0278852
-0.0376923 0.162356 -0.000243841
1.88808e-05 0.115368 -0.0182789
0.0393962 0.0505525 -0.00668347
-0.0116788 0.0555838 -0.0339192
0.0363865 0.0713868 -0.0138007
-0.0821651 0.110069 0.034903
0.022728 0.117081 -0.0101857
-0.0515389 0.0417461 -0.0105815
0.0219588 0.123501 -0.00109075
0.00735928 0.0960033 -0.0276522
-0.00349428 0.119696 0.0379021
-0.0470844 0.151656 -0.00519447
-0.0242296 0.0941248 -0.0298734
0.0152433 0.0658912 0.0518711
-0.021804 0.0376594 -0.0181241
-0.0133966 0.121962 -0.00916065
0.0365536 0.108655 0.0265769
-0.0668098 0.0880715 -0.0180091
-0.0665181 0.171112 -0.0407548
0.0493343 0.0532247 -0.0043679
0.0423933 0.0901635 -0.00682346
-0.0624126 0.150651 -0.0115734
0.0373944 0.0505276 -0.00658166
-0.0411461 0.162173 -0.0113613
-0.065916 0.0662086 0.0305519
-0.0289729 0.083488 0.0456837
-0.000642523 0.0347913 0.0398677
-0.0738147 0.065744 0.00631032
0.00351431 0.0938625 0.0544725
-0.0467733 0.12389 0.0269319
0.0246632 0.123785 0.00595837
-0.0715256 0.0958228 0.0413941
0.00252922 0.0362636 0.0463395
0.00948792 0.0963424 0.0500581
0.0292035 0.0400739 0.0286474
-0.0309481 0.0706991 -0.0284733
-0.054091 0.152763 0.0215579
0.0118527 0.105542 -0.0197545
-0.0404793 0.0832528 0.0431634
-0.0448438 0.0985036 -0.0215544
-0.032014 0.0567822 -0.0123897
0.00040853 0.0356817 0.00488121
0.0447245 0.0861403 0.0231669
-0.0426307 0.0338188 -0.00946517
-0.0710495 0.141325 -0.00813095
-0.0255896 0.182763 -0.0105092
-0.0838169 0.107636 0.0253505
-0.0796245 0.0859561 0.0353266
0.0240034 0.0449703 0.0396985
0.00450108 0.0716864 0.0560951
-0.0676894 0.0750921 -0.0153176
-0.0466572 0.0369109 -0.0172699
-0.016529 0.0558872 0.0508401
-0.087831 0.103641 0.0093887
0.0272256 0.10745 0.0377741
-0.0670064 0.0337953 0.0073865
-0.0866888 0.0833263 0.0124872
0.0152687 0.0779357 -0.0299953
-0.0851819 0.152725 0.0105454
0.000352424 0.0511166 -0.0306262
0.0518495 0.0464359 0.0201911
0.0554005 0.0553511 0.0254886
-0.0886141 0.0928486 0.00844707
0.0129712 0.130228 0.0115965
-0.085549 0.104961 0.0233427
0.0515991 0.0496316 0.0251833
0.0131946 0.0878791 -0.0305989
-0.0693376 0.131255 0.0489674
-0.0660205 0.167997 -0.0305503
-0.0666146 0.174697 -0.0480375
-0.0293346 0.0347045 0.0427947
-0.0553259 0.126836 -0.00601308
-0.058583 0.0460291 0.0113967
-0.0416277 0.0337441 -0.014735
-0.0446642 0.0621749 -0.0132201
0.0295862 0.120365 0.0134787
-0.0697163 0.064282 0.022673
-0.0805487 0.0789662 0.0306236
-0.0787564 0.154933 0.00983696
-0.0662707 0.14708 -0.0258685
-0.0248167 0.0949702 -0.0267501
-0.0407693 0.0826515 -0.0208197
0.000514101 0.0346343 0.00952105
-0.0533361 0.138123 0.0280776
-0.0689277 0.115103 -0.00892086
-0.0865224 0.0913375 0.0024428
0.0232602 0.0790529 -0.0256674
0.0296786 0.0679688 -0.0198342
-0.0331127 0.123309 0.0239558
0.0276403 0.118218 0.0284429
0.00238303 0.0449286 -0.0261957
-0.0928278 0.124236 0.0382657
-0.0868685 0.11045 0.00936714
-0.0254875 0.0959781 0.0438332
0.0132252 0.0808221 -0.0308314
0.035265 0.0591791 0.0368077
-0.00944135 0.168135 -0.0197365
0.0011864 0.12951 0.0259323
-0.0139593 0.0967237 -0.0305143
-0.00848922 0.0385737 0.0258802
0.0562981 0.0619429 0.0011209
0.0322546 0.0987343 -0.0145759
-0.0268707 0.103016 -0.0234914
-0.00655639 0.0384205 0.0209905
-0.0296666 0.0774462 0.0418826
-0.0626586 0.0676213 -0.0103966
0.0374569 0.0904362 -0.0137042
-0.0712181 0.161 -0.0439365
0.0243668 0.0889213 0.0476805
-0.0336134 0.0408899 -0.0298935
-0.0404969 0.0916505 0.0425962
0.0443454 0.0903358 0.0221636
-0.0435232 0.163746 0.00524284
-0.0649943 0.0623954 0.0235277
-0.0613093 0.0593276 0.0181457
-0.0717978 0.155398 -0.0409076
-0.00868753 0.0584178 -0.0339256
-0.0904383 0.119966 0.00529664
-0.0601615 0.0333995 -0.00165181
-0.0612252 0.0407891 0.0437895
-0.0537348 0.0738508 -0.0172852
-0.0709057 0.10512 -0.0125462
-0.00333997 0.039253 0.0353398
-0.0469903 0.145002 0.00194161
-0.0250386 0.0659034 -0.0335362
-0.023273 0.0382876 0.00502865
0.0111228 0.0960826 -0.0257288
0.0198113 0.0954368 -0.0230239
0.038476 0.104075 -0.00282883
-0.0843581 0.0883713 0.0286614
-0.0930341 0.118841 0.0362969
-0.0646767 0.146003 -0.0179612
0.0284626 0.102127 0.0395666
-0.0435018 0.113907 0.034675
-0.0604863 0.0790224 0.042794
-0.089042 0.112536 0.0205154
-0.0524675 0.0344946 0.0345461
-0.0848716 0.119101 -0.00207765
-0.0120923 0.11442 -0.0172013
-0.079929 0.151371 0.00121035
-0.0920085 0.116136 0.0393096
0.0361533 0.112569 0.0130564
-0.0196629 0.125034 -0.00230889
0.000499429 0.115573 0.0406664
-0.0560183 0.147198 -0.00168648
-0.0873616 0.110481 0.0113565
-0.0416844 0.0636674 -0.0137203
-0.0651889 0.153592 -0.00278678
0.0471599 0.07398 0.0153485
0.0404106 0.0873775 0.0321991
-0.019434 0.184905 -0.0153275
-0.0438294 0.0913555 -0.0224139
-0.0527613 0.0797578 -0.020501
-0.0314155 0.0651435 -0.021432
0.00948509 0.0950229 0.0512669
0.0346346 0.107297 -0.007625
-0.0870053 0.0954387 0.00242783
-0.0617312 0.142927 -0.00565867
-0.0538929 0.14622 0.0244012
0.0339044 0.115273 0.00366751
0.049575 0.0693171 0.00251779
-0.0861009 0.106274 0.00635995
-0.00751182 0.075985 0.0578234
-0.0761849 0.0933719 -0.0135017
0.0266626 0.0672707 0.0437593
-0.0314925 0.0932138 0.0444288
0.0112937 0.0680868 -0.0307505
-0.086045 0.141863 0.00720055
0.000490707 0.111422 0.0424934
-0.0516022 0.0502173 -0.00741774
-0.0709386 0.131124 -0.00852217
-0.0291841 0.125368 0.0164845
-0.0012258 0.095852 -0.0315171
-0.000697567 0.0641196 -0.0342689
-0.0797379 0.0738711 0.0228323
-0.0705682 0.0382102 0.00943236
-0.0558807 0.102663 -0.0193944
0.0262875 0.0835737 0.0468767
-0.0206175 0.0364922 -0.0281092
0.0306136 0.0779431 -0.0207534
0.037492 0.0983062 -0.0097724
-0.0861064 0.0806138 0.0174966
-0.0488748 0.105594 -0.0196597
-0.0499497 0.0724883 0.0409516
-0.060435 0.131107 0.0389542
-0.0197383 0.108898 -0.0213322
-0.0328414 0.0943934 -0.0238538
0.0071329 0.104451 -0.0211019
-0.0904392 0.125398 0.00528343
0.0579573 0.0676391 0.00414749
-0.0890486 0.0915916 0.0214249
0.0544885 0.0716156 0.00618127
0.037936 0.0901639 0.0356574
-0.0631289 0.155254 0.0269868
0.0280038 0.120349 0.024295
0.00325461 0.0697315 -0.0336623
0.0198002 0.0768324 0.0515324
0.0135718 0.0504901 0.0475195
-0.0220331 0.041681 0.0538782
-0.0322365 0.126297 0.00653811
-0.020497 0.0855906 0.0563403
0.0100844 0.123139 0.0340691
-0.0917617 0.141982 0.0191718
-0.00665267 0.0526646 -0.0325345
0.0325469 0.0922927 -0.0176842
-0.00490321 0.0383839 0.0141185
0.0393963 0.049102 -0.00636122
-0.0468295 0.0927337 -0.0216687
0.0393484 0.0561243 -0.00568756
0.0381042 0.0392738 0.00134927
-0.02061 0.0653432 0.0492306
-0.0644858 0.152894 -0.00250698
0.0316363 0.118365 0.0113851
-0.0625842 0.162383 -0.0563311
-0.0126137 0.180121 -0.0236267
-0.0562637 0.142432 0.0309288
0.0389203 0.10838 0.0161659
0.0468209 0.0708789 0.021127
0.0153317 0.060873 -0.028643
-0.067208 0.0447917 0.00368814
-0.0638714 0.15469 -0.0385902
-0.0624126 0.161536 -0.0416011
-0.011049 0.124435 -0.00785173
0.0143712 0.0493733 -0.0267066
-0.0374862 0.0931566 0.0438456
-0.0278525 0.0807805 0.0474761
0.0573848 0.0670309 0.00292365
-0.0304938 0.0960556 0.0449536
0.0182602 0.127523 0.0192457
0.0182204 0.080645 -0.0282763
-0.00275795 0.0740872 -0.0359501
-0.072697 0.155649 0.00759319
-0.0857527 0.0792184 0.0135098
-0.0604443 0.0456013 0.0296807
-0.0528198 0.0927332 -0.0219739
-0.0457202 0.0709417 -0.0164642
-0.054497 0.0889964 0.0448823
-0.0541353 0.147754 0.0254132
0.05074 0.0503045 -0.00171178
-0.0926993 0.124215 0.0352716
0.00850767 0.0786 0.0556334
-0.0141847 0.0405865 0.0511605
-0.0500491 0.0345412 0.0367666
-0.0744234 0.156022 0.0128056
-0.0148381 0.0386367 -0.0157684
-0.0896535 0.0916031 0.0184402
-0.0279306 0.125506 0.00666413
-0.0249827 0.0918474 0.0485489
-0.0247746 0.0385687 -0.0102357
-0.0718755 0.10648 -0.0114758
0.0303733 0.115414 -0.00438737
0.0390771 0.099844 -0.00681802
-0.0601235 0.0447437 0.0425684
0.0559507 0.0508031 0.00520531
-0.087948 0.102288 0.00840013
-0.0802939 0.0732789 0.00250413
-0.00347452 0.114725 -0.0175669
-0.0780015 0.155773 0.018849
-0.0868392 0.0873072 0.00147849
0.0114304 0.0346172 0.0371012
-0.0154945 0.0925097 0.0555061
0.0207547 0.10431 -0.0184628
-0.0805113 0.153427 0.0283513
-0.0133702 0.0343611 -0.0190243
0.045363 0.0932019 0.00717004
-0.0517619 0.079747 -0.0203928
-0.011137 0.171308 -0.0197957
-0.0797359 0.0706327 0.0105539
-0.0435047 0.116629 0.0323741
0.0461192 0.0786876 0.0190773
0.0257679 0.0349257 0.0180133
-0.0377436 0.127354 0.000111554
0.0455391 0.0875946 0.0141649
-0.0115776 0.0962625 -0.032007
-0.0304054 0.0580102 -0.0194062
-0.0519213 0.118323 0.0336042
-0.0615165 0.15114 0.0355512
-0.0268549 0.175688 -0.00910606
0.0291872 0.0462618 0.034893
-0.0828817 0.143196 0.00216401
-0.0229243 0.0972075 0.044901
-0.0420606 0.0344689 0.0332688
0.00840712 0.0404044 -0.0234014
-0.0584986 0.100161 0.0428821
0.0267286 0.0521731 -0.0207566
-0.0343564 0.043282 -0.028737
0.035312 0.0840703 -0.0177861
0.0167493 0.0874098 0.0506847
-0.0706375 0.156126 0.0126907
0.0395317 0.0596774 0.0306966
0.0160357 0.0807986 0.0531419
-0.0719071 0.105086 -0.0120336
0.057752 0.0523416 0.0181873
-0.0705862 0.166615 -0.0490027
-0.069998 0.157611 -0.0031485
-0.0629727 0.118457 0.044154
-0.0098895 0.107351 -0.0224128
-0.0668287 0.169972 -0.0351376
-0.0538607 0.152062 0.0231076
0.0286155 0.0795328 0.044942
0.00747725 0.131195 0.0181386
0.0525355 0.0678367 0.0261828
-0.069983 0.033931 0.00665746
-0.00449526 0.10588 0.044033
-0.0647467 0.143415 -0.011401
-0.0242451 0.0337053 -0.0224295
0.0405945 0.102819 0.0221712
-0.0253936 0.106122 -0.0223873
-0.031866 0.126076 0.00521848
-0.0903832 0.132413 0.0312232
0.0270423 0.0648893 -0.0216756
-0.0416036 0.125525 0.0208631
-0.0642885 0.148287 -0.0250747
0.043249 0.0705728 -0.00179391
0.00750831 0.0772509 0.056126
-0.0360471 0.125746 -0.0036679
-0.0534999 0.0820142 0.0450601
-0.0268076 0.0782799 -0.0366273
-0.0630392 0.0336157 0.00836468
0.00450283 0.0924607 0.0546761
-0.0794816 0.0846149 0.0352279
-0.0354976 0.116636 0.0319301
0.0590094 0.0552651 0.0101755
0.0177618 0.100614 -0.0224544
0.0141872 0.0347155 0.0357788
-0.0626395 0.0644043 -0.00619313
-0.0472223 0.168222 -0.000777409
-0.0688709 0.156258 0.0147705
-0.00209707 0.130745 0.0203917
0.0438165 0.0959355 0.0191615
0.0272253 0.120021 -0.000250724
-0.0623918 0.152158 -0.026581
-0.0619803 0.153737 -0.02558
-0.0110119 0.122536 -0.00980812
-0.00845767 0.100229 0.0476033
-0.053626 0.1255 0.0365054
0.029243 0.0872327 -0.0208644
-0.0561028 0.133503 -0.00512832
-0.0536146 0.150855 0.0243962
-0.0729449 0.0805494 0.0386997
-0.0113093 0.0384672 0.00547553
0.013929 0.0392001 0.0444158
-0.0743245 0.179234 -0.0539852
-0.0670834 0.168031 -0.0569976
0.0269196 0.0418157 0.0333163
-0.0261604 0.114813 -0.0155316
0.054979 0.06227 -0.000302264
0.0447631 0.0931576 0.00318223
-0.028552 0.159576 0.000695282
-0.0196334 0.0906851 0.0545345
-0.0681661 0.173216 -0.0428508
-0.0670035 0.166617 -0.0570134
-0.00170857 0.0641356 -0.0344906
-0.0302923 0.115032 -0.0157497
-0.017789 0.0998203 0.0439009
0.0575984 0.0711737 0.0088801
-0.0559485 0.119826 0.0383628
-0.0508832 0.106998 -0.0191626
-0.0856518 0.096702 -0.000561949
0.0433856 0.0475038 -0.0047769
-0.0141839 0.177168 -0.0206609
-0.0318261 0.0623615 -0.0184459
-0.0694684 0.158126 -0.0509379
-0.059088 0.0445923 -0.00517311
-0.0680469 0.0887699 0.043444
0.0413366 0.0588699 -0.00449648
-0.0108613 0.16611 -0.0209706
-0.0810695 0.111472 -0.000645954
0.0236683 0.0535376 0.0428398
-0.0525009 0.104252 0.0406803
0.0178265 0.128119 0.0148069
-0.0833287 0.0817012 -0.000498118