61 160

-5 -5
-3 -5
-3 -3
-5 -3
-3 -1
-5 -1
-3 1
-5 1
-3 3
-5 3
-3 5
-5 5
-1 -5
-1 -3
-1 -1
-1 1
-1 3
-1 5
1 -5
1 -3
1 -1
1 1
1 3
1 5
3 -5
3 -3
3 -1
3 1
3 3
3 5
5 -5
5 -3
5 -1
5 1
5 3
5 5
4 4
4 2
4 0
4 -2
4 -4
2 4
2 2
2 0
2 -2
2 -4
0 4
0 2
0 0
0 -2
0 -4
-2 4
-2 2
-2 0
-2 -2
-2 -4
-4 4
-4 2
-4 0
-4 -2
-4 -4

0 1
1 2
2 3
3 0
2 4
4 5
5 3
4 6
6 7
7 5
6 8
8 9
9 7
8 10
10 11
11 9
1 12
12 13
13 2
13 14
14 4
14 15
15 6
15 16
16 8
16 17
17 10
12 18
18 19
19 13
19 20
20 14
20 21
21 15
21 22
22 16
22 23
23 17
18 24
24 25
25 19
25 26
26 20
26 27
27 21
27 28
28 22
28 29
29 23
24 30
30 31
31 25
31 32
32 26
32 33
33 27
33 34
34 28
34 35
35 29
28 36
29 36
35 36
34 36
27 37
28 37
34 37
33 37
26 38
27 38
33 38
32 38
25 39
26 39
32 39
31 39
24 40
25 40
31 40
30 40
22 41
23 41
29 41
28 41
21 42
22 42
28 42
27 42
20 43
21 43
27 43
26 43
19 44
20 44
26 44
25 44
18 45
19 45
25 45
24 45
16 46
17 46
23 46
22 46
15 47
16 47
22 47
21 47
14 48
15 48
21 48
20 48
13 49
14 49
20 49
19 49
12 50
13 50
19 50
18 50
8 51
10 51
17 51
16 51
6 52
8 52
16 52
15 52
4 53
6 53
15 53
14 53
2 54
4 54
14 54
13 54
1 55
2 55
13 55
12 55
9 56
11 56
10 56
8 56
7 57
9 57
8 57
6 57
5 58
7 58
6 58
4 58
3 59
5 59
4 59
2 59
0 60
3 60
2 60
1 60
