-426.12 -159.406
-380.54 -42.9322
-310.755 64.474
-302.172 119.991
-107.676 37.934
-305.509 -96.2094
-399.26 -142.6
-40.9899 -176.576
-308.668 -241.09
-379.134 -122.818
-302.589 85.1667
-291.538 164.621
-268.322 8.13394
-109.524 -56.5716
-142.904 -68.8733
-12.8239 -43.169
10.6326 60.3686
83.693 170.581
222.377 131.921
156.113 118.129
253.417 -57.8963
153.26 -75.7673
128.768 -139.657
167.369 -213.946
194.16 -88.029
-334.401 -170.457
-406.63 -161.241
-344.527 -216.879
-276.722 -134.754
-255.584 -216.078
-144.687 -266.402
-96.3656 -192.099
-153.861 -215.076
-215.434 -200.89
-209.107 -103.26
-133.285 -92.5644
-177.258 -76.8374
-194.215 -56.9941
-260.603 -34.2692
-249.471 -39.3938
-324.043 -38.2471
-372.476 -29.7764
-410.523 -24.7723
-379.895 42.5105
-402.975 20.565
-401.24 65.9847
-384.487 53.3403
-399.523 160.492
-400.454 170.61
-372.275 117.534
-391.722 100.272
-360.88 75.6398
-335.505 93.4492
-274.211 127.759
-192.525 184.562
-111.825 104.69
-95.8013 78.6945
-103.76 72.9964
-299.803 67.1184
-235.81 -16.6242
-109.596 13.3399
-101.03 32.0257
-14.9506 -5.40534
-73.6379 -64.6466
-66.6536 -16.8834
-46.0058 -3.0332
-27.4856 86.3654
-94.0256 131.958
-26.974 109.489
68.4 105.676
-25.1781 0.949632
131.816 116.342
96.8954 122.69
277.704 180.734
242.932 117.129
141.544 95.3302
317.894 68.7629
268.718 42.0263
156.004 -59.6871
266.436 24.4283
300.089 -29.6816
230.139 -122.43
324.674 -146.641
196.881 -146.768
167.331 -67.8798
72.0299 -97.4979
-21.5487 -86.4557
-24.5116 -101.994
18.5678 -137.476
82.3518 -132.041
34.1722 -219.231
-56.1632 -210.701
-69.7871 -260.18
-39.6326 -231.57
28.1331 -261.334
44.6496 -232.54
144.121 -193.539
232.335 -192.09
274.251 -226.97
285.99 -245.186
