-104.532994 -35.487000 -69.705099
-103.358097 -28.996099 -70.331104
-94.126999 -32.889001 -72.998099
-46.496000 -83.823994 -10.856000
-51.401101 -89.661099 -0.450000
-43.398000 -86.236097 -9.037000
-8.676000 25.106002 -3.143000
-11.182999 26.186001 -5.416000
-9.219000 23.919001 -6.218000
-13.584000 -98.457098 -20.534100
-9.614999 -99.194996 -18.584000
-7.729100 -106.490001 -28.719001
51.589999 36.825001 30.294001
48.257899 38.129002 29.798001
49.368899 41.777000 33.948001
28.989000 27.298000 21.270001
31.863000 30.486001 21.690000
31.166900 26.222000 23.024900
-61.500002 31.659901 -31.246999
-58.375001 26.853001 -29.108999
-58.224998 33.594999 -31.018000
-49.729999 32.290999 -27.911000
-47.265999 27.780000 -27.240999
-46.770100 33.754002 -27.341999
87.502897 -44.826999 17.402001
98.273002 -43.145999 18.395001
97.795896 -48.505101 16.825002
-71.004994 24.561999 -31.401001
-74.022099 21.760000 -31.274099
-68.962000 17.148999 -29.521000
-65.376997 -20.876000 -50.186101
-66.400103 -18.764000 -58.972098
-64.538099 -17.590100 -50.007999
-9.982999 38.671002 -27.646000
-7.735100 37.348900 -25.545999
-8.468100 35.143003 -29.138999
-75.772099 -44.354100 -66.344097
-84.849998 -41.951999 -71.333997
-75.769000 -39.724998 -66.726997
79.007007 25.413001 35.638001
83.587900 27.037000 42.215899
82.456000 22.159001 35.409901
-84.652096 -109.789103 -54.513101
-88.197000 -118.152998 -44.175997
-93.153998 -111.726999 -46.356998
71.456999 -18.232999 66.762999
72.843999 -22.243099 67.013003
79.426005 -17.021000 71.987897
-1.890000 31.475000 11.765000
-0.842100 34.365002 11.420000
-2.774000 32.568999 9.449000
-54.389998 -70.805997 -29.441999
-56.564998 -67.790098 -30.810000
-59.597101 -69.614999 -19.225100
27.690900 20.075001 30.186001
22.201000 20.534901 30.555001
25.937900 20.836901 27.822001
74.861899 -30.733999 67.123003
68.945900 -29.781999 59.383899
69.351897 -33.659998 59.284899
-1.890000 31.475000 11.765000
-1.864000 28.402900 11.600001
-0.788000 30.048000 14.109001
14.383000 -142.159000 -26.732100
20.211000 -151.848093 -17.351000
12.251001 -152.744994 -20.085000
-59.576999 -104.259104 -57.380099
-54.548100 -93.365997 -54.848999
-50.791100 -96.991993 -53.234100
-19.630000 -150.672004 -30.865999
-11.745000 -152.037993 -28.208099
-16.805099 -158.565998 -18.618999
81.620000 -1.823000 72.947897
91.507003 -0.320000 71.336895
88.155895 4.478000 71.102895
67.736901 -27.125999 40.949002
67.424007 -23.744000 41.202899
71.786001 -24.329999 32.980900
-60.876001 6.846000 -33.687100
-63.979097 12.704001 -30.335000
-66.004999 9.984001 -30.440999
-91.301098 -21.545999 -73.552102
-81.148103 -21.650000 -72.129995
-82.570001 -26.480000 -72.134100
10.612001 36.457002 31.493001
10.203000 32.285899 32.534000
12.277001 33.459898 35.115000
60.742002 18.267000 67.681901
56.956999 20.423900 66.303998
54.911900 13.012000 64.424001
-89.009099 -103.585996 -56.451999
-78.473002 -100.137100 -60.771000
-84.652096 -109.789103 -54.513101
33.917900 -155.686989 -1.747000
35.805002 -148.391992 -11.884000
42.012002 -153.117999 1.044000
60.874999 6.846000 33.686001
63.978001 12.704001 30.333901
66.003896 9.984001 30.440001
46.346001 22.218000 28.927000
44.006001 23.902001 27.915001
47.264900 27.780000 27.239900
10.203000 32.285899 32.534000
11.253000 28.054001 32.638002
13.071000 28.971002 35.428002
50.681900 -142.811999 -6.455000
43.354001 -145.858988 -9.160000
42.326000 -135.543004 -16.330000
47.152899 44.847000 45.230899
50.376900 43.977000 39.595999
46.330001 44.756901 38.799901
-17.062999 35.237901 -12.069999
-17.594000 37.548900 -14.435099
-19.549999 34.590900 -13.789000
-66.400103 -18.764000 -58.972098
-65.376997 -20.876000 -50.186101
-67.458101 -22.320000 -59.229098
17.593000 37.548900 14.434000
17.509000 39.639901 17.027000
20.267000 37.222002 15.944000
36.966901 18.291000 32.942999
34.965001 19.534901 31.100001
39.875899 21.083901 29.395901
68.166904 -52.834000 26.065901
63.408002 -54.817099 35.546001
64.636000 -51.409099 36.532000
-113.149099 -16.431000 -56.217000
-110.769995 -10.004000 -56.945000
-106.561996 -12.629000 -65.333098
37.797999 37.109002 25.121901
34.812000 37.895001 24.211001
35.096999 41.383900 26.930900
48.257899 38.129002 29.798001
51.589999 36.825001 30.294001
49.729001 32.290999 27.909901
-12.188000 24.986001 -8.278000
-13.195000 24.041001 -11.143000
-9.795999 23.099001 -9.304000
-84.550105 -52.807998 -70.151098
-74.824996 -53.755101 -65.219104
-83.818100 -58.311101 -69.373101
-92.893995 -109.269001 -11.499000
-95.272101 -114.666998 -22.000000
-90.056002 -120.917000 -19.570999
64.175002 1.363000 34.264900
69.699898 4.155000 30.395901
65.639898 -1.542100 34.422003
-50.682999 -142.811999 6.453900
-48.902098 -132.729992 13.741001
-55.242099 -129.489005 11.170000
99.775001 -2.964000 31.936999
101.888001 -8.016000 31.003900
93.192004 -8.185999 26.961001
32.414000 -101.190105 -9.800999
36.499999 -99.317104 -7.705000
43.740001 -107.864000 -13.299000
-35.806000 -148.391992 11.883000
-35.555098 -137.906998 18.927000
-43.354999 -145.858988 9.159001
-90.844102 -96.902996 -5.869000
-94.430096 -91.186993 -8.103000
-97.291999 -103.117995 -13.854999
21.545000 -141.227990 -24.135999
14.383000 -142.159000 -26.732100
14.803001 -129.712999 -29.122999
-39.703000 43.355901 -49.077999
-42.937100 45.311999 -44.113997
-38.849998 45.506001 -42.890001
-39.244000 32.019999 -24.674000
-37.799001 37.109002 -25.122998
-40.792998 36.159001 -25.947999
74.823901 -53.755101 65.218002
84.549002 -52.807998 70.150003
75.457998 -49.036998 65.838896
-64.392999 35.693999 -35.562098
-61.500002 31.659901 -31.246999
-60.632002 37.596002 -35.299998
6.493000 23.263000 4.122000
8.675001 25.106002 3.141900
9.218001 23.919001 6.217000
16.697900 -104.667000 32.726001
12.241000 -105.717100 30.739000
13.267000 -116.031997 37.907001
-17.503999 -97.488999 -22.458099
-21.358998 -96.300103 -24.350999
-24.389001 -93.056999 -12.670999
25.031000 43.827899 27.531000
25.694901 41.971002 23.846000
21.937901 43.409899 26.249999
-40.792998 36.159001 -25.947999
-43.786999 35.041001 -26.688000
-41.947000 30.753901 -25.612000
56.861900 39.236899 34.944002
54.916002 35.313901 30.700000
53.103998 40.630002 34.492999
-3.662000 37.785899 -12.274999
-6.521000 38.555000 -11.023000
-3.704000 37.930001 -9.480000
-62.369000 -11.326999 -49.327001
-62.153000 -8.959000 -57.474997
-61.065000 -8.370000 -48.824102
80.754898 12.984000 70.195898
89.896001 14.109001 65.857999
85.775003 18.333901 65.535001
-92.499100 -70.012100 -9.765999
-94.343103 -64.672999 -11.640999
-102.669999 -73.166996 -14.403000
1.911000 29.711001 19.131001
4.030000 27.583901 21.672001
3.256000 31.076001 21.718001
-66.041999 -24.254000 -50.253000
-67.425102 -23.744000 -41.203998
-67.737997 -27.125999 -40.950101
-13.351000 -96.199997 -6.900100
-9.568000 -96.836001 -4.940100
-5.608000 -99.707097 -16.609000
22.944901 36.812000 17.402001
25.638001 36.310002 18.798001
24.475001 33.165999 17.114900
-44.151101 17.916000 -32.145999
-46.347100 22.218000 -28.927999
-48.638999 20.402901 -29.858999
87.287001 -22.473000 23.541901
97.044900 -22.437999 23.825001
87.816998 -26.813000 22.479000
-20.326100 31.100001 -13.742000
-17.986100 28.600000 -12.030000
-18.143000 32.005999 -11.770099
84.387004 -10.048999 26.215900
85.559897 -14.080000 25.412001
77.351898 -16.055999 28.194901
64.481005 -10.867000 41.247003
62.368002 -11.326999 49.325999
61.063901 -8.370000 48.823003
1.396000 -107.208997 -24.595000
5.967900 -107.152097 -22.503100
8.100000 -117.737003 -29.146999
47.915999 -92.376001 -1.547100
43.396901 -86.236097 9.036000
51.400002 -89.661099 0.449000
12.206000 32.145903 5.235000
14.244000 30.836901 7.468900
12.232000 29.075000 5.070000
-0.842100 34.365002 11.420000
1.266000 35.901003 13.300000
1.123000 36.630999 10.618000
-25.302999 24.781000 -20.955000
-27.181000 23.825001 -23.091000
-22.621099 22.312000 -22.958100
-77.431999 -12.616999 -71.709998
-75.191103 -8.454099 -71.291998
-69.846101 -14.403000 -66.383101
98.273002 -43.145999 18.395001
107.749999 -48.339099 21.715000
97.795896 -48.505101 16.825002
21.031000 -128.824994 -26.691999
18.746901 -116.531000 -24.636000
27.173901 -127.527997 -24.254000
-46.243098 16.163001 -33.398997
-44.151101 17.916000 -32.145999
-48.638999 20.402901 -29.858999
-54.203000 36.699999 -59.354998
-49.743101 37.800901 -57.933997
-51.417999 30.825000 -62.473997
-19.507999 -105.344102 16.152000
-14.447000 -98.817103 6.565000
-23.902999 -104.210995 14.029000
-17.090099 -95.358104 -8.844000
-20.774100 -94.307996 -10.770099
-26.010100 -95.608100 0.558000
52.402902 24.207002 28.541001
48.638001 20.402901 29.857900
49.860999 26.068000 27.930900
84.864900 -85.512102 3.736900
73.987901 -80.572002 3.713000
76.647006 -76.361999 5.644900
51.241003 -83.972998 48.341900
48.097901 -87.151103 46.861000
54.547001 -93.365997 54.847900
-5.987000 24.627000 -21.025999
-5.140000 23.913000 -18.018000
-8.827000 22.652000 -19.879000
1.863000 28.402900 -11.601000
3.210000 29.589999 -9.469000
2.604000 26.694901 -8.963999
-1.124000 36.630999 -10.619099
-0.826000 37.021901 -7.933101
1.355000 35.179999 -8.909999
61.319001 -125.839993 -8.624000
55.241000 -129.489005 -11.170999
55.617001 -115.300104 -12.116999
2.786000 37.610002 3.756000
-0.713000 37.300900 2.250000
0.218900 37.201900 5.158900
-15.238000 24.937000 -34.672100
-13.608000 24.402902 -31.792000
-18.444099 21.974999 -32.959998
-103.199996 -69.844104 -64.582102
-109.972097 -76.272100 -55.799998
-111.680098 -68.833999 -57.363000
-4.145000 22.902001 -2.085100
-6.413100 24.398001 -0.916100
-6.494000 23.263000 -4.123100
25.694901 41.971002 23.846000
28.766001 41.932900 24.961900
28.902000 39.007898 22.135001
14.913000 37.804998 12.883000
17.062001 35.237901 12.069000
14.527000 35.861000 10.333000
118.184902 -44.544000 52.013002
113.522001 -46.654001 61.326001
118.206002 -51.999100 50.651003
74.231006 -5.487000 29.686000
69.211900 -10.838999 34.347001
68.166003 -7.650100 34.463000
1.889000 31.475000 -11.766000
2.773000 32.568999 -9.450000
3.210000 29.589999 -9.469000
33.340901 17.506000 36.922000
36.966901 18.291000 32.942999
38.986001 16.958000 34.712002
-55.641998 29.384000 -63.998103
-59.915099 27.590001 -65.385103
-63.335001 33.414003 -61.805099
-89.531995 21.465000 -58.499999
-91.458097 21.899000 -50.161000
-87.278001 25.836900 -50.207101
14.527000 35.861000 10.333000
11.897000 36.458001 8.607000
12.199000 37.987899 11.310000
24.649901 29.270001 17.597001
23.447001 25.718901 18.773001
21.617001 26.652901 16.554002
-61.569098 -1.129000 -63.541099
-64.291999 5.520900 -68.206102
-59.158102 1.636000 -62.500000
66.932902 -20.416999 41.361000
65.375902 -20.876000 50.185002
64.537004 -17.590100 50.006900
-90.304099 -75.281002 -7.821100
-92.499100 -70.012100 -9.765999
-100.348003 -79.286106 -12.374000
7.264900 35.084900 1.105900
5.260000 36.866002 2.334000
8.362001 35.959899 4.043000
-77.051103 25.576901 -64.462997
-68.463996 22.892900 -67.740001
-72.668999 19.975001 -68.705104
-17.510099 39.639901 -17.028000
-20.298099 39.657000 -18.414000
-20.267999 37.222002 -15.945001
-13.351000 -96.199997 -6.900100
-5.608000 -99.707097 -16.609000
-9.614999 -99.194996 -18.584000
-99.725001 -16.681001 -71.164101
-108.853996 -18.965099 -64.804100
-106.561996 -12.629000 -65.333098
10.883001 23.413001 25.906000
12.159000 23.888001 28.868001
8.236000 26.256001 26.916001
-60.876001 6.846000 -33.687100
-57.611998 3.148000 -39.090998
-55.904001 5.618000 -38.369998
-28.076999 -150.393993 14.614000
-25.643000 -157.675996 4.556000
-20.212000 -151.848093 17.350001
-18.368099 -97.961999 4.552000
-9.568000 -96.836001 -4.940100
-13.351000 -96.199997 -6.900100
-45.674998 42.688899 -33.308998
-42.034101 43.376900 -32.577001
-42.370997 45.279898 -37.905999
63.415997 -65.831102 54.512002
68.999998 -72.420001 61.611902
70.949897 -67.836002 62.674902
-68.129994 33.528902 -35.727099
-64.392999 35.693999 -35.562098
-67.088999 38.013000 -41.756101
12.972000 37.723899 33.778898
10.612001 36.457002 31.493001
12.277001 33.459898 35.115000
58.596000 -3.224000 55.872001
56.652002 -0.616000 54.889899
58.080003 -2.830000 47.486000
84.549002 -52.807998 70.150003
84.888898 -47.346100 70.804998
75.457998 -49.036998 65.838896
-64.135104 -81.267998 -59.187099
-61.234102 -85.482098 -57.829000
-71.072996 -90.329103 -62.291998
-52.533101 4.076000 -52.577000
-51.492099 8.559000 -58.605000
-50.388999 6.159900 -51.245999
-28.659999 33.199001 -50.727099
-25.503099 32.784000 -48.384000
-29.157000 27.225001 -50.625000
85.779898 18.631000 35.083901
82.400002 12.062000 30.346001
79.732999 15.508001 30.746000
43.659899 13.520001 53.602003
46.250902 12.071000 55.387001
45.382902 18.003900 59.441000
2.773000 32.568999 -9.450000
1.889000 31.475000 -11.766000
0.841000 34.365002 -11.421000
42.298000 19.162999 57.527002
39.298002 20.097001 55.497002
41.111901 14.781901 51.702902
-99.995099 -108.117998 -24.355000
-104.208998 -101.315103 -26.632000
-102.936000 -104.222998 -37.977099
75.767897 -39.724998 66.725902
75.460896 -35.177000 66.986904
69.517896 -37.613999 59.070900
-7.980100 -116.975002 -35.764001
-12.242000 -105.717100 -30.740000
-7.729100 -106.490001 -28.719001
38.848899 45.506001 42.888902
42.369898 45.279898 37.904900
38.513903 45.561999 36.911901
115.105003 -23.130000 55.358000
113.148004 -16.431000 56.215901
108.852901 -18.965099 64.803004
17.062001 35.237901 12.069000
17.593000 37.548900 14.434000
19.548900 34.590900 13.788000
-49.526099 -76.486096 -26.508000
-48.253000 -79.394996 -37.853099
-52.042000 -73.708996 -28.007001
91.257006 19.569000 41.789003
91.457002 21.899000 50.159901
95.461898 17.589001 49.991999
-115.195997 -42.133000 -31.447999
-115.124099 -48.944999 -29.862000
-107.998103 -42.200100 -23.327999
43.785900 35.041001 26.687000
40.791899 36.159001 25.947001
41.622002 40.137000 28.544001
-39.841998 -118.918002 -49.674999
-47.862001 -128.367990 -48.785999
-45.180999 -115.747102 -51.709998
-73.986098 -26.416099 -67.133099
-81.148103 -21.650000 -72.129995
-72.845101 -22.243099 -67.014001
-10.458999 22.547001 -12.367000
-13.195000 24.041001 -11.143000
-14.245000 23.284001 -13.995000
9.645000 27.141999 29.801000
12.159000 23.888001 28.868001
13.607000 24.402902 31.791002
-89.009099 -103.585996 -56.451999
-97.598001 -105.022103 -48.449099
-92.874102 -97.144999 -58.293998
-1.043000 24.325000 8.010000
-2.605100 26.694901 8.963000
-2.901100 25.017900 6.137000
50.265901 -112.231106 53.674899
53.839002 -124.541998 50.979901
59.500899 -120.324001 53.103998
-87.288104 -22.473000 -23.542998
-78.550100 -23.511998 -26.771000
-86.530998 -18.225100 -24.521001
-85.166998 25.378000 -58.286998
-81.478998 22.159001 -65.070003
-85.776098 18.333901 -65.536104
8.034000 26.753001 0.158000
6.190000 26.097000 -2.142000
7.085900 28.847000 -2.603000
72.524004 28.589999 63.715003
64.198896 25.429999 66.632003
68.462901 22.892900 67.738898
-67.103997 -121.808998 6.105000
-65.458998 -108.042002 7.389900
-72.572000 -117.422000 3.621000
-33.794999 34.125000 -22.555999
-31.864099 30.486001 -21.691000
-31.066999 34.976002 -21.379000
-58.745001 35.241999 -60.646001
-55.641998 29.384000 -63.998103
-63.335001 33.414003 -61.805099
48.251901 -79.394996 37.852000
51.241003 -83.972998 48.341900
50.931901 -76.486997 39.272901
64.420901 -92.332102 -2.386000
57.819001 -83.697997 4.328000
67.869000 -88.578105 -0.308000
75.767897 -39.724998 66.725902
84.848903 -41.951999 71.332999
84.440000 -36.658101 71.732000
6.705900 29.902902 27.204001
5.269000 28.728999 24.461001
8.236000 26.256001 26.916001
54.881901 22.194900 29.065901
52.402902 24.207002 28.541001
58.373999 26.853001 29.107900
-3.882000 22.468001 -5.391000
-1.579000 22.495002 -3.487000
-4.145000 22.902001 -2.085100
-89.009099 -103.585996 -56.451999
-84.652096 -109.789103 -54.513101
-93.153998 -111.726999 -46.356998
-64.821996 -115.745105 -55.152100
-55.074099 -108.392999 -55.568099
-59.501998 -120.324001 -53.105000
-66.749103 -38.430098 -49.458098
-67.818098 -34.015000 -40.149000
-67.571998 -37.499100 -39.607000
-21.986999 22.128901 -38.493998
-25.650000 19.777000 -35.763100
-23.996999 22.156000 -41.169997
-68.962000 17.148999 -29.521000
-63.979097 12.704001 -30.335000
-61.845101 15.288901 -30.143999
-14.420999 -140.884995 -36.925998
-10.330000 -129.052997 -38.646001
-7.276100 -141.955987 -34.417998
-51.716000 14.942001 -62.894098
-54.912999 13.012000 -64.425103
-56.958098 20.423900 -66.305101
-66.445999 19.833000 -29.546000
-67.904003 27.145900 -31.438999
-71.004994 24.561999 -31.401001
-74.022099 21.760000 -31.274099
-71.004994 24.561999 -31.401001
-75.457104 28.392000 -35.765000
-63.867100 -4.120000 -64.448997
-61.569098 -1.129000 -63.541099
-60.436100 -6.007000 -56.735098
-54.096099 6.477000 -60.029998
-51.492099 8.559000 -58.605000
-52.533101 4.076000 -52.577000
78.065000 -43.027099 21.746000
70.234999 -45.731999 28.291000
70.972003 -42.146001 29.284000
-49.369998 41.777000 -33.949099
-50.377999 43.977000 -39.597098
-53.105000 40.630002 -34.493998
-9.646000 27.141999 -29.802099
-11.254000 28.054001 -32.639001
-8.349000 31.093901 -29.896000
84.917903 8.406000 29.854000
82.400002 12.062000 30.346001
88.959903 14.831000 34.658000
52.859001 4.473900 44.682898
55.902902 5.618000 38.368899
57.611000 3.148000 39.090000
-25.643000 -157.675996 4.556000
-21.684999 -160.544991 -7.114000
-17.232999 -159.070998 7.375000
-54.203000 36.699999 -59.354998
-57.360101 40.497001 -54.249100
-52.776102 41.699000 -53.132001
5.637000 31.163000 -5.020000
4.401000 30.489901 -7.315100
3.670000 33.348899 -7.086000
-66.726997 -76.905996 -60.450099
-61.481997 -69.697998 -53.456102
-59.291098 -73.467106 -52.306000
17.364001 30.729000 40.827900
19.850001 31.520002 43.428000
17.111000 35.666000 40.077899
-72.525099 28.589999 -63.716002
-68.463996 22.892900 -67.740001
-77.051103 25.576901 -64.462997
4.401000 30.489901 -7.315100
5.637000 31.163000 -5.020000
5.565000 28.236000 -4.902000
73.985003 -26.416099 67.132004
74.861899 -30.733999 67.123003
82.569003 -26.480000 72.133005
59.914000 27.590001 65.384001
63.333899 33.414003 61.804000
55.640899 29.384000 63.997000
59.157003 1.636000 62.499002
58.596000 -3.224000 55.872001
61.567999 -1.129000 63.540004
57.813901 -66.976994 43.094002
59.699003 -63.590996 44.206999
60.366001 -61.460000 33.331003
-25.938999 20.836901 -27.822999
-31.021001 21.797001 -27.215099
-27.691999 20.075001 -30.187100
1.235000 22.840001 6.756000
3.881000 22.468001 5.389900
3.834000 22.485999 8.654000
-42.298999 19.162999 -57.528000
-39.299000 20.097001 -55.498101
-41.113000 14.781901 -51.703997
1.042000 24.325000 -8.010999
-1.236000 22.840001 -6.757000
-1.234000 23.538001 -9.919000
17.232001 -159.070998 -7.375000
20.211000 -151.848093 -17.351000
25.642000 -157.675996 -4.557100
-4.145000 22.902001 -2.085100
-2.162000 22.708001 -0.166000
-4.461000 23.940900 1.169000
-31.021001 21.797001 -27.215099
-32.981001 20.701000 -29.189000
-27.691999 20.075001 -30.187100
-34.965999 19.534901 -31.101000
-31.396002 18.423000 -34.743100
-29.510999 19.274000 -32.494999
-78.473002 -100.137100 -60.771000
-89.009099 -103.585996 -56.451999
-82.184002 -94.425105 -62.456101
-98.264001 -32.605000 -21.284999
-88.165097 -35.717998 -20.104999
-88.111997 -31.233000 -21.334000
8.222000 39.515901 18.634001
10.737000 40.500000 20.302000
11.463000 40.215001 17.055901
78.064002 -95.151097 -0.574100
86.849898 -102.417000 3.572000
82.463898 -107.694998 1.223000
-48.531000 16.603000 -61.230000
-46.251997 12.071000 -55.388100
-48.868999 10.420000 -57.055999
-32.028001 33.428002 -52.970100
-28.659999 33.199001 -50.727099
-29.157000 27.225001 -50.625000
-54.625999 1.817000 -53.792000
-52.533101 4.076000 -52.577000
-54.680999 2.176000 -45.722999
-1.560000 24.427000 -12.971000
0.767000 25.617000 -10.952000
-1.234000 23.538001 -9.919000
75.239897 6.224900 71.775004
84.559895 8.916000 70.722900
80.754898 12.984000 70.195898
76.482005 -12.443000 28.777901
84.387004 -10.048999 26.215900
77.351898 -16.055999 28.194901
-88.156998 4.478000 -71.103998
-93.805999 9.491000 -66.039100
-84.560998 8.916000 -70.723996
-4.739000 33.914000 4.557000
-3.010000 36.069002 3.585000
-5.988000 34.431901 1.804000
-29.087000 22.833001 -25.180100
-25.938999 20.836901 -27.822999
-24.250001 21.576900 -25.413100
25.649000 19.777000 35.762001
23.870001 20.166900 33.185001
29.510001 19.274000 32.493901
36.966901 18.291000 32.942999
33.340901 17.506000 36.922000
31.394999 18.423000 34.742001
12.159000 23.888001 28.868001
10.883001 23.413001 25.906000
15.505901 21.826901 27.239000
84.387004 -10.048999 26.215900
91.426998 -3.758000 27.822001
93.192004 -8.185999 26.961001
-12.972999 37.723899 -33.779997
-15.053100 41.111901 -31.628098
-12.421000 39.930001 -29.673999
-70.833996 -17.455000 -33.846099
-71.397103 -20.864999 -33.459000
-66.933997 -20.416999 -41.361999
74.021004 21.760000 31.273000
71.372002 14.295000 29.409900
68.960898 17.148999 29.520001
67.869000 -88.578105 -0.308000
78.064002 -95.151097 -0.574100
74.168898 -99.680997 -2.803000
-23.976998 -115.427099 22.364000
-29.112000 -113.997102 20.090001
-33.202998 -125.830099 21.809001
-40.160999 -88.477999 -7.180000
-44.264998 -94.900101 3.572000
-36.793001 -90.544999 -5.288100
90.303004 -75.281002 7.820000
92.498004 -70.012100 9.765000
100.346997 -79.286106 12.373000
87.494001 23.468001 42.057898
91.257006 19.569000 41.789003
85.779898 18.631000 35.083901
104.306899 0.790000 39.583899
99.775001 -2.964000 31.936999
97.401999 1.858000 32.770000
76.933898 18.743001 31.055000
79.007007 25.413001 35.638001
82.456000 22.159001 35.409901
5.986900 34.431901 -1.805000
7.264900 35.084900 1.105900
8.496000 32.539003 0.261000
9.923000 33.590000 3.091000
10.531000 30.694000 2.585000
8.496000 32.539003 0.261000
-77.864997 4.761000 -28.563999
-82.401097 12.062000 -30.347100
-84.918998 8.406000 -29.855000
-79.427101 -17.021000 -71.989000
-77.431999 -12.616999 -71.709998
-71.458101 -18.232999 -66.763997
11.463000 40.215001 17.055901
10.737000 40.500000 20.302000
14.163001 40.791001 18.558001
-9.285000 38.998000 -12.563000
-6.226000 38.735002 -13.905000
-8.823000 39.533999 -15.502000
96.233003 -90.508103 60.032003
88.260002 -82.454100 65.512002
85.448898 -88.516995 64.037003
89.343004 -16.208099 73.614895
91.300003 -21.545999 73.550999
99.723898 -16.681001 71.162999
1.396000 -107.208997 -24.595000
-5.608000 -99.707097 -16.609000
-1.583000 -99.987000 -14.619100
-108.002998 -3.879000 -57.542000
-104.879998 1.919000 -58.001999
-100.833997 -0.876000 -65.970100
59.611000 17.735001 29.867999
61.844002 15.288901 30.142900
57.140898 11.864000 32.754000
-15.108000 29.871000 -38.160000
-17.059999 25.468901 -37.501000
-19.076999 25.975000 -40.272001
-5.261100 36.866002 -2.335100
-2.787000 37.610002 -3.757000
-6.086000 37.444901 -5.298000
28.208001 -102.822997 -11.911999
32.414000 -101.190105 -9.800999
39.013002 -110.205099 -15.553100
-47.265999 27.780000 -27.240999
-44.007000 23.902001 -27.916100
-44.624999 29.340900 -26.466999
92.901997 -27.115000 73.344000
83.674006 -31.491000 71.998999
94.125897 -32.889001 72.997004
83.674006 -31.491000 71.998999
84.440000 -36.658101 71.732000
94.125897 -32.889001 72.997004
-118.775100 -42.957101 -41.522000
-114.822000 -35.433996 -32.933999
-118.262097 -35.813000 -42.909998
-43.786999 35.041001 -26.688000
-44.932000 39.229900 -29.215999
-46.770100 33.754002 -27.341999
-35.534099 23.836000 -26.350100
-36.777101 28.204901 -24.406100
-39.214101 26.892900 -25.652999
-46.331100 44.756901 -38.801000
-50.377999 43.977000 -39.597098
-49.369998 41.777000 -33.949099
64.391896 35.693999 35.560999
67.087896 38.013000 41.755002
68.128899 33.528902 35.726003
-76.648101 -76.361999 -5.646000
-84.865995 -85.512102 -3.738000
-73.988996 -80.572002 -3.714000
-50.873101 18.461000 -30.709000
-46.243098 16.163001 -33.398997
-48.638999 20.402901 -29.858999
-39.876997 21.083901 -29.397000
-41.625001 25.461001 -26.822999
-44.007000 23.902001 -27.916100
-81.621103 -1.823000 -72.949000
-75.191103 -8.454099 -71.291998
-84.472999 -6.327100 -73.317103
-9.614999 -99.194996 -18.584000
-5.608000 -99.707097 -16.609000
-3.175000 -106.987998 -26.670100
-24.250001 21.576900 -25.413100
-19.181000 21.274000 -25.163999
-22.621099 22.312000 -22.958100
22.576900 -126.198992 43.207001
21.464001 -139.322996 39.395001
28.367000 -137.274995 41.823003
85.448898 -88.516995 64.037003
76.899000 -80.061994 65.084897
74.178003 -85.274100 63.740000
-17.059999 25.468901 -37.501000
-21.986999 22.128901 -38.493998
-19.076999 25.975000 -40.272001
-52.860100 4.473900 -44.683997
-52.533101 4.076000 -52.577000
-50.388999 6.159900 -51.245999
28.076001 -150.393993 -14.615000
33.917900 -155.686989 -1.747000
25.642000 -157.675996 -4.557100
5.260000 36.866002 2.334000
6.085000 37.444901 5.296900
8.362001 35.959899 4.043000
100.832999 -0.876000 65.969005
91.507003 -0.320000 71.336895
94.572902 -5.459100 71.425006
68.309896 -25.997000 59.366003
68.945900 -29.781999 59.383899
73.985003 -26.416099 67.132004
-107.998103 -42.200100 -23.327999
-107.749999 -48.339099 -21.716001
-98.274104 -43.145999 -18.395999
-93.623102 -117.786102 -33.473000
-95.272101 -114.666998 -22.000000
-98.541997 -111.140996 -35.766996
36.215000 16.805001 47.591899
33.890899 17.600000 45.389902
37.409000 15.416000 41.055001
74.231006 -5.487000 29.686000
79.746999 1.271000 28.107001
81.468001 -2.366000 27.565001
-15.042000 -106.214993 18.274900
-23.976998 -115.427099 22.364000
-18.747998 -116.531000 24.635000
-5.140000 23.913000 -18.018000
-4.487000 23.291901 -14.962000
-8.034999 22.405000 -16.812999
-8.823000 39.533999 -15.502000
-11.464000 40.215001 -17.057000
-12.021000 39.312001 -14.088999
51.416900 30.825000 62.472902
47.271900 31.930000 60.819000
45.742001 24.979001 61.347000
88.164002 -35.717998 20.104000
88.110998 -31.233000 21.333000
98.263003 -32.605000 21.284001
84.387004 -10.048999 26.215900
76.482005 -12.443000 28.777901
83.017901 -6.141000 26.934000
-12.252000 -152.744994 20.083901
-8.733000 -159.860998 10.196900
-4.243100 -153.076991 22.809001
-74.330099 -105.616994 -58.989000
-63.757002 -99.849999 -59.106998
-69.773100 -110.832103 -57.113998
66.932902 -20.416999 41.361000
70.832998 -17.455000 33.845000
71.396001 -20.864999 33.458002
-15.053100 41.111901 -31.628098
-18.201999 43.110002 -28.983001
-15.353000 42.175900 -27.352000
44.624001 29.340900 26.465900
43.785900 35.041001 26.687000
46.769001 33.754002 27.340900
-115.754999 -72.425105 -34.874100
-112.087995 -69.703102 -24.511999
-113.581099 -62.765002 -26.389999
47.860999 -128.367990 48.784900
49.437001 -139.811993 41.088000
56.247003 -135.838002 43.508898
-72.668999 19.975001 -68.705104
-76.779000 16.670000 -69.525100
-81.478998 22.159001 -65.070003
-87.818101 -26.813000 -22.480000
-88.111997 -31.233000 -21.334000
-78.974001 -31.212000 -25.007999
1.863000 28.402900 -11.601000
0.767000 25.617000 -10.952000
0.136000 26.974000 -13.768000
66.444904 19.833000 29.545000
61.844002 15.288901 30.142900
59.611000 17.735001 29.867999
52.402902 24.207002 28.541001
54.881901 22.194900 29.065901
50.872002 18.461000 30.708000
-8.223000 39.515901 -18.635100
-10.738000 40.500000 -20.303000
-11.464000 40.215001 -17.057000
-72.525099 28.589999 -63.716002
-67.941099 31.200001 -62.827997
-64.199999 25.429999 -66.633105
39.701901 43.355901 49.076900
42.936001 45.311999 44.112898
38.848899 45.506001 42.888902
-63.598998 -63.130103 -22.166999
-58.557998 -64.669997 -32.106999
-60.367100 -61.460000 -33.332098
-23.448000 25.718901 -18.774100
-19.531099 23.822900 -17.938999
-21.618100 26.652901 -16.555099
-22.564000 32.214999 -45.950100
-23.716999 26.811000 -45.612000
-26.340099 27.083000 -48.162997
20.211000 -151.848093 -17.351000
14.383000 -142.159000 -26.732100
21.545000 -141.227990 -24.135999
-2.158000 25.420001 -15.937999
0.136000 26.974000 -13.768000
-1.560000 24.427000 -12.971000
-1.912000 29.711001 -19.131999
-0.773100 28.343000 -16.486999
-2.991000 26.479000 -18.834000
79.746999 1.271000 28.107001
87.274000 4.546000 29.267900
81.468001 -2.366000 27.565001
-65.055996 -49.369998 -47.778998
-68.495102 -49.749099 -57.755101
-65.839998 -45.722999 -48.438001
-29.087000 22.833001 -25.180100
-27.181000 23.825001 -23.091000
-31.167999 26.222000 -23.025999
-49.126998 -148.504004 -29.489100
-42.332102 -143.302992 -38.606998
-41.374099 -151.871994 -26.830001
-8.223000 39.515901 -18.635100
-5.526100 37.534002 -20.073999
-7.756100 38.812000 -21.996999
-44.007000 23.902001 -27.916100
-46.347100 22.218000 -28.927999
-42.027101 19.555001 -30.810000
-61.569098 -1.129000 -63.541099
-63.867100 -4.120000 -64.448997
-67.248099 2.447900 -69.186993
53.103998 40.630002 34.492999
54.497000 42.923000 40.290002
56.861900 39.236899 34.944002
-32.981001 20.701000 -29.189000
-35.534099 23.836000 -26.350100
-37.710000 22.510000 -27.910000
96.233003 -90.508103 60.032003
85.448898 -88.516995 64.037003
92.873000 -97.144999 58.292899
-17.882001 42.199999 -33.501998
-20.907000 43.172002 -35.294998
-21.210000 43.922000 -30.531099
-1.267000 35.901003 -13.301000
-3.491000 37.240002 -15.129000
-3.662000 37.785899 -12.274999
-55.618100 -115.300104 12.116000
-60.670000 -111.819997 9.739000
-61.319999 -125.839993 8.623000
3.256000 31.076001 21.718001
3.779000 34.569900 21.156000
2.069000 33.117998 18.871000
-63.867100 -4.120000 -64.448997
-60.436100 -6.007000 -56.735098
-62.153000 -8.959000 -57.474997
-51.591001 36.825001 -30.295100
-54.917000 35.313901 -30.701099
-52.658100 30.655000 -28.395999
-85.561000 -14.080000 -25.413100
-84.388100 -10.048999 -26.216999
-93.193099 -8.185999 -26.961999
-4.078100 -129.852995 -36.306001
-10.330000 -129.052997 -38.646001
-7.980100 -116.975002 -35.764001
8.100000 -117.737003 -29.146999
13.446900 -117.304102 -26.899099
14.803001 -129.712999 -29.122999
-21.986999 22.128901 -38.493998
-17.059999 25.468901 -37.501000
-20.136001 22.062000 -35.755102
102.819003 7.880000 49.278900
101.433896 7.368900 58.327898
104.878895 1.919000 58.000900
43.785900 35.041001 26.687000
44.930901 39.229900 29.215001
46.769001 33.754002 27.340900
-72.725996 -4.547000 -70.732102
-66.027999 -7.336000 -65.225996
-68.028003 -10.766000 -65.871105
24.649901 29.270001 17.597001
26.934000 32.358002 18.701900
26.815901 28.309001 19.458901
-60.722098 -2.135000 -40.245000
-58.081102 -2.830000 -47.486998
-56.424998 -0.260000 -46.659101
-16.146000 29.666001 -9.746999
-15.913999 32.937001 -9.785000
-18.143000 32.005999 -11.770099
55.902902 5.618000 38.368899
52.859001 4.473900 44.682898
50.972901 6.638000 43.541901
-16.805099 -158.565998 -18.618999
-21.684999 -160.544991 -7.114000
-25.166100 -156.920001 -21.389000
41.665003 12.892000 44.846002
47.062002 10.564900 40.964998
43.839000 11.435000 46.601001
-55.542000 28.840901 -28.796000
-49.862001 26.068000 -27.931999
-52.658100 30.655000 -28.395999
66.041000 -24.254000 50.251901
67.736901 -27.125999 40.949002
66.516899 -27.712001 50.213002
63.333899 33.414003 61.804000
59.914000 27.590001 65.384001
67.940004 31.200001 62.826902
-75.928099 -135.641992 -26.132999
-70.478998 -135.309994 -37.138999
-69.141999 -140.768990 -23.555100
-70.478998 -135.309994 -37.138999
-63.720100 -140.193000 -34.649000
-69.141999 -140.768990 -23.555100
17.593000 37.548900 14.434000
14.913000 37.804998 12.883000
14.755000 39.525002 15.581001
-60.632002 37.596002 -35.299998
-61.500002 31.659901 -31.246999
-58.224998 33.594999 -31.018000
111.055002 -87.114997 30.936001
110.107005 -76.608099 22.545001
113.676004 -79.808995 32.951899
95.461898 17.589001 49.991999
99.261999 12.913000 49.698003
94.847001 15.345001 41.407000
110.768899 -10.004000 56.944001
