50 50 100 
100 50 100 
150 50 110 
200 50 120 
261 50 130 
300 50 150 
341 50 140 
400 50 130 
450 50 120 
500 50 110 
50 100 100 
100 100 100 
155 100 100 
200 100 120 
250 100 140 
320 100 150 
350 101 170 
400 100 150 
420 104 120 
500 100 100 
50 150 100 
100 150 100 
150 150 100 
230 150 150 
250 150 140 
300 150 120 
350 150 130 
400 150 100 
450 150 110 
500 150 100 
50 200 100 
100 200 100 
150 200 120 
230 200 150 
250 200 140 
320 204 120 
350 200 120 
400 200 150 
450 200 120 
500 200 100 
50 250 100 
100 250 100 
154 250 120 
220 255 140 
270 250 160 
306 250 200 
330 250 150 
350 258 140 
450 250 120 
500 250 100 
50 300 100 
100 300 100 
150 300 100 
230 300 120 
250 300 160 
320 300 180 
370 300 140 
400 300 120 
450 300 100 
500 300 100 
70 350 100 
100 350 100 
150 350 110 
210 350 120 
260 350 140 
300 350 150 
350 350 150 
400 350 140 
450 350 100 
500 350 100 
50 400 100 
100 400 100 
150 400 110 
200 400 100 
250 400 130 
300 400 150 
350 400 130 
400 400 110 
450 400 100 
500 400 100 
50 450 100 
100 450 100 
150 450 100 
200 450 100 
250 450 120 
300 450 120 
350 450 110 
400 450 100 
450 450 100 
500 450 100 
50 500 100 
100 500 100 
150 500 100 
200 500 100 
260 500 110 
300 500 100 
370 500 100 
400 500 100 
450 500 100 
500 500 100 
