397.227 275.684
140.243 53.9783
148.535 417.69
167.433 374.057
25.8996 414.488
303.875 568.924
266.35 91.8457
20.9656 416.831
79.2912 519.914
319.958 481.014
264.653 441.578
264.678 455.194
91.6605 305.139
434.875 105.23
322.376 505.555
236.574 356.692
216.93 453.477
197.917 554.578
405.775 68.9981
260.869 491.836
428.321 150.08
195.88 121.349
95.7817 259.664
211.98 191.74
325.452 411.504
57.01 179.062
112.546 448.43
257.297 137.671
377.477 327.769
263.879 114.378
483.337 377.688
470.038 286.026
318.131 519.071
319.546 464.506
279.443 95.296
389.773 532.089
236.788 404.452
390.163 208.992
183.07 163.38
379.337 498.52
51.0438 472.091
134.5 181.187
129.073 191.995
352.713 378.326
378.219 201.605
415.289 240.173
431.891 385.738
202.985 133.312
272.721 133.548
32.3696 284.07
299.557 461.329
50.1102 480.993
495.868 366.546
360.475 410.489
326.213 502.686
325.596 471.767
75.7638 146.383
382.712 221.597
112.984 300.419
296.41 93.2095
114.458 180.904
471.189 367.937
444.625 454.706
429.238 103.502
268.683 409.254
475.044 366.301
448.325 157.471
289.093 374.367
155.587 382.05
66.2477 452.624
114.32 343.517
69.0401 118.105
447.044 499.308
420.38 510.273
4.56826 331.825
380.883 324.64
123.488 334.355
220.376 507.459
109.573 184.311
16.5302 421.62
57.8022 468.166
177.992 163.904
115.462 136.929
13.1776 396.119
497.508 339.517
485.005 370.922
108.506 379.543
461.198 336.918
115.394 485.121
354.446 555.15
191.265 405.365
111.846 295.745
219.467 227.107
188.776 509.466
424.709 239.025
304.504 513.999
254.11 46.3337
99.0935 71.5509
324.118 30.0243
442.173 450.208
236.805 341.822
99.7592 398.471
187.156 500.277
84.7756 488.549
141.398 508.756
262.132 213.645
339.367 380.536
21.0962 431.463
395.643 219.559
120.068 527.284
449.317 183.476
252.276 520.665
217.645 112.458
244.825 202.251
155.98 439.601
454.311 183.656
81.7632 297.742
308.203 460.578
480.908 446.443
236.521 101.131
267.781 216.231
109.592 488.502
451.077 491.009
112.681 326.146
292.039 499.19
226.004 112.693
473.124 200.082
374.975 159.914
230.726 148.101
103.374 197.88
419.142 84.3077
148.453 425.939
11.9737 366.913
105.985 538.644
252.936 267.463
76.1406 389.951
324.78 476.308
38.1459 287.863
82.7722 242.57
301.685 160.317
116.956 191.364
20.2455 290.788
403.122 470.507
122.112 222.227
100.113 187.496
438.666 128.802
43.4762 298.741
200.485 71.5026
232.53 236.14
434.434 180.365
600 0
357.483 388.382
466.202 212.011
208.912 182.158
13.0252 359.064
189.796 91.9264
453.076 126.652
265.932 16.9685
362.113 45.8508
253.633 146.579
85.1947 460.097
166.489 428.981
199.44 87.9875
453.761 157.486
219.782 143.796
320.146 25.8847
251.324 329.462
422.265 186.269
492.562 305.44
236.944 150.791
368.751 165.436
392.047 464.631
168.585 46.2432
86.4895 299.26
236.255 362.882
343.764 483.865
35.5848 437.465
122.954 342.898
311.151 470.7
25.6016 436.274
211.705 112.434
83.0112 525.046
488.961 264.804
80.7208 108.658
470.625 192.55
399.872 512.76
45.8905 140.424
36.4879 163.684
250.874 545.003
270.841 39.6849
292.16 532.133
169.004 379.53
92.5659 491.551
286.869 486.118
69.8661 402.851
315.737 485.159
206.855 532.611
436.407 247.321
471.445 449.324
213.773 84.836
244.312 270.28
264.45 418.196
207.872 188.8
219.692 242.03
93.4186 187.627
246.46 318.811
306.38 522.251
104.044 235.204
268.927 223.91
401.268 229.439
49.3779 460.667
234.807 478.203
84.4641 283.237
96.605 294.556
251.469 212.419
467.023 166.687
304.664 508.864
301.866 484.5
410.378 505.483
422.661 474.34
395.561 235.416
392.836 313.117
395.411 60.7788
37.7401 410.823
420.8 519.331
306.991 480.659
418.19 260.671
164.498 435.567
101.112 366.247
394.468 178.577
403.639 261.058
387.426 87.4337
391.654 236.742
95.2938 205.001
299.042 166.058
463.981 392.985
216.925 501.338
101.823 266.471
74.918 505.567
80.4484 462.497
264.441 531.538
271.708 91.0748
76.0757 100.24
236.444 351.45
210.331 91.2899
251.926 323.327
416.938 288.77
231.466 239.807
97.7431 536.788
216.737 78.2584
326.795 415.413
0 0
276.378 495.34
266.529 133.263
249.065 438.207
212.432 185.714
382.999 564.34
471.288 212.902
217.096 375.187
225.226 452.92
325.411 392.548
112.765 276.662
121.013 188.464
251.649 334.641
311.351 475.966
85.8511 187.007
337.944 546.918
110.568 191.714
412.998 84.5388
260.581 112.473
281.88 129.001
174.147 387.034
181.962 390.508
468.224 236.832
356.687 438.608
392.747 229.862
372.791 210.296
240.841 472.488
97.1126 323.01
69.6401 178.148
491.755 426.859
446.831 474.463
391.627 184.898
154.378 566.172
107.96 136.449
42.8058 274.958
428.6 181.495
434.577 126.48
312.238 506.038
392.352 84.8539
325.387 400.857
492.6 320.515
251.484 214.213
189.351 180.242
335.585 386.653
366.41 157.71
432.781 221.491
246.945 100.112
261.602 342.207
302.106 498.511
48.0968 402.482
106.445 262.816
244.549 414.119
389.827 93.2966
134.369 498.681
95.4617 278.157
89.2032 456.919
138.964 552.224
12.8599 293.255
65.2539 175.781
266.659 36.3086
392.318 538.801
151.533 391.198
422.477 515.083
438.915 157.489
186.435 395.209
244.479 71.5751
92.3944 533.609
225.43 240.972
108.673 317.249
317.21 505.423
357.486 397.24
372.746 183.63
417.792 229.924
23.4678 383.057
62.4697 488.889
337.566 425.504
453.917 471.501
192.374 551.794
128.416 501.96
396.691 547.617
325.55 405.998
264.453 434.189
265.007 459.132
446.34 146.743
111.283 337.215
487.957 295.665
195.069 95.778
251.357 539.755
497.849 387.219
220.561 514.603
427.019 219.108
404.422 289.089
385.194 193.063
245.738 254.818
378.178 102.677
200.401 96.7473
418.222 473.327
281.7 526.548
450.903 245.971
243.398 146.501
449.16 388.547
263.458 125.879
400.434 315.579
404.603 280.861
324.247 573.592
244.522 425.866
409.877 515.35
108.284 396.526
26.8341 346.822
328.943 388.516
17.3314 380.371
184.108 467.657
260.324 531.325
374.684 191.561
429.607 121.554
492.492 312.814
215.628 469.243
200.145 496.359
402.325 84.6226
210.576 133.456
479.474 281.621
279.667 500.426
288.476 30.5536
251.467 222.315
196.307 468.508
353.765 156.076
317.059 164.842
437.081 477.52
414.971 291.975
308.402 18.604
344.894 372.298
196.479 525.294
67.9989 146.445
84.4223 449.406
236.249 396.467
490.942 366.684
179.404 388.161
377.871 217.084
7.91948 342.598
243.565 339.479
429.99 253.879
402.392 505.518
81.7493 146.406
189.902 459.783
106.934 219.239
163.426 48.0106
394.02 530.358
472.68 235.211
128.748 73.0968
293.528 23.9361
372.869 213.72
261.754 497.605
116.537 479.528
184.743 560.947
263.483 146.047
119.14 519.712
262.384 95.276
397.759 81.2586
421.539 280.341
399.208 203.229
482.406 333.717
288.967 380.807
361.319 153.355
270.894 116.826
332.765 496.627
357.444 403.103
275.569 487.402
383.566 509.398
470.089 336.542
447.662 484.736
423.669 225.726
283.331 492.278
481.528 230.249
72.3549 489.708
116.763 142.933
232.372 217.939
280.633 535.494
68.1819 464.232
281.784 373.214
257.569 488.104
151.129 524.548
266.283 526.627
44.3286 407.077
472.534 341.096
246.716 330.466
202.639 523.217
200.08 452.312
136.064 71.4768
391.348 56.0665
502.213 341.944
148.58 405.095
138.591 75.8035
463.143 191.297
257.523 264.119
435.811 380.44
441.921 195.647
141.264 557.668
405.119 219.403
407.882 84.4521
261.491 554.446
87.6328 115.105
369.906 46.9791
403.468 515.554
216.402 440.684
380.718 233.658
109.942 442.894
442.917 477.576
62.5346 146.508
450.763 237.667
276.285 50.2081
27.945 447.625
173.164 567.01
205.821 92.1609
52.4739 140.351
382.1 458.562
402.514 477.578
502.496 355.134
267.97 359.049
272.899 467.064
287.619 495.03
377.304 502.991
378.421 96.1882
354.331 151.38
85.6601 139.27
227.146 149.766
437.173 512.893
433.653 195.056
418.295 221.466
394.42 543.44
115.911 271.864
229.082 91.1203
276.344 44.2762
360.267 558.669
94.8096 243.445
287.096 87.7004
331.513 500.561
100.849 280.827
101.304 219.576
335.632 36.6073
76.7736 449.563
402.641 178.198
260.406 86.8968
268.684 396.742
298.132 17.9689
292.959 455.698
253.482 116.852
487.341 435.275
435.609 260.958
109.608 304.613
102.798 136.516
389.984 317.065
279.413 371.993
230.414 137.395
122.03 178.667
483.749 291.311
116.558 307.385
485.055 441.59
411.269 226.309
377.768 173.615
357.404 426.103
502.592 404.623
199.598 483.554
341.876 488.544
274.65 535.253
21.6397 354.574
281.171 381.609
415.501 518.016
448.97 191.38
337.129 382.897
401.414 293.056
291.853 91.2194
389.066 454.32
429.122 262.493
324.916 497.356
112.789 283.314
22.5579 405.585
314.443 22.3219
431.733 381.26
492.22 300.345
337.799 373.2
74.508 287.457
254.293 125.33
464.774 449.517
256.673 337.794
100.137 377.327
376.933 167.426
293.939 459.955
401.551 254.492
89.5084 394.493
426.518 157.301
251.386 111.906
439.349 377.48
222.682 246.773
431.152 484.275
255.438 551.045
87.3043 311.955
122.337 224.727
446.759 377.546
264.371 579.866
409.369 99.1422
408.011 274.696
281.096 485.334
146.32 52.9005
435.983 249.288
58.168 143.371
406.281 481.229
105.331 449.468
454.679 143.999
483.479 336.782
149.041 430.81
251.177 533.969
311.58 498.479
250.006 225.293
327.798 566.701
89.9707 401.754
70.5587 283.865
417.039 250.808
40.5364 145.373
96.1666 210.436
276.394 234.678
296.192 499.247
95.5842 249.837
111.509 477.813
257.423 504.791
271.649 583.586
424.245 270.025
295.886 99.9075
96.0501 383.307
311.362 512.789
105.322 335.576
12.5641 400.626
92.3873 291.91
426.72 518.634
269.684 532.524
314.629 159.535
269.143 446.031
241.187 444.967
146.345 535.7
432.264 517.517
176.476 166.754
3.25595 312.619
219.109 522.818
385.182 197.132
59.982 454.729
468.797 380.777
454.297 377.418
372.292 99.1507
93.9254 219.283
18.6632 343.747
7.48826 302.678
50.7019 407.683
370.915 104.788
396.326 309.56
80.6895 497.898
288.892 123.249
113.327 477.529
85.0317 290.777
195.144 91.1018
396.126 197.334
424.472 276.074
148.506 411.109
401.887 173.191
195.822 504.546
479.871 367.097
304.465 519.069
232.504 224.693
330.14 419.044
443.767 385.662
215.52 91.4198
303.628 159.681
273.356 386.23
335.36 420.109
54.8549 487.973
434.692 150.82
170.484 426.25
486.309 271.901
502.577 362.615
112.413 320.588
396.63 301.722
473.341 281.368
269.717 49.5864
69.3071 395.291
84.7215 82.4975
251.044 201.782
339.952 39.6197
441.022 117.306
86.2952 97.1617
406.869 229.433
176.773 172.567
442.518 249.334
104.844 368.751
216.086 231.04
304.072 458.168
330.96 489.862
36.8895 405.53
244.305 259.211
317.034 573.57
462.662 183.536
259.109 30.7424
467.05 204.757
491.614 324.582
492.137 374.39
354.993 39.3227
309.116 485.653
164.264 565.524
106.12 187.491
499.9 407.197
403.89 188.507
285.883 532.65
478.353 287.667
396.261 505.607
41.4437 460.216
151.619 518.434
245.493 46.9202
186.938 410.064
377.652 227.857
248.494 275.422
301.212 569.395
460.841 388.842
277.991 17.4988
242.737 405.974
87.5929 494.683
207.439 115.611
232.885 132.943
298.233 178.865
89.2605 232.126
102.323 291.505
162.012 373.491
244.523 434.006
3.57052 318.611
17.5053 404.962
465.959 343.707
151.78 387.907
453.031 391.94
395.631 509.834
245.01 228.284
478.331 338.172
244.533 59.655
334.007 543.419
85.3176 233.383
415.296 96.5929
240.964 263.57
215.646 476.131
250.559 258.521
37.4154 456.982
492.666 413.065
427.701 129.86
108.471 384.628
263.596 242.374
75.9268 464.719
211.207 495.498
287.693 526.372
278.195 581.691
444.092 504.789
152.844 438.811
424.088 383.677
474.02 377.288
280.759 87.1814
261.542 227.068
310.441 158.376
264.876 131.26
415.221 102.028
272.815 451.383
244.319 325.411
274.287 80.3409
348.27 433.466
199.731 129.674
251.102 128.691
491.581 333.48
96.0708 199.374
176.911 420.777
459.796 160.287
106.054 281.766
269.185 365.604
63.6063 466.479
293.873 171.852
173.898 45.5842
426.455 257.127
350.03 552.718
95.2612 388.53
463.416 372.896
154.986 54.1869
492.633 420.423
317.271 161.414
394.262 213.926
107.131 291.944
187.123 121.945
241.229 465.022
358.153 406.281
55.7468 406.121
139.648 502.437
219.469 223.03
390.596 559.879
224.547 214.406
292.838 180.049
230.954 366.908
273.009 230.973
233.11 400.64
65.9647 123.87
457.543 191.535
93.4454 319.395
272.342 472.187
496.487 392.387
265.269 474.432
276.059 239.209
393.163 504.335
295.498 449.99
192.533 128.944
424.015 531.395
477.427 332.22
244.386 212.373
412.923 221.549
335.848 484.166
95.4255 255.017
211.133 443.942
108.519 389.745
203.985 448.74
305.333 467.421
221.16 204.309
105.445 68.2879
265.355 46.5633
91.7729 136.223
257.105 516.928
36.9077 155.194
395.929 170.437
256.415 511.69
31.9055 443.504
114.334 146.394
236.73 390.357
395.947 262.621
272.304 15.9565
228.548 440.238
336.462 492.223
322.176 396.366
479.504 257.725
190.417 481.491
264.391 392.331
234.784 385.078
187.787 96.2375
402.139 271.145
388.459 498.894
264.494 424.504
248.6 146.463
41.8396 402.703
32.6483 455.35
410.083 295.597
123.104 513.866
455.403 235.404
401.474 63.5787
77.7344 402.452
251.545 207.305
478.016 232.324
103.81 446.13
357.585 433.104
64.59 129.947
261.318 567.483
202.528 468.216
307.227 173.931
76.7259 513.749
456.313 131.727
422.348 153.192
115.316 212.944
456.992 453.871
223.403 91.5036
427.136 485.624
387.198 239.908
285.472 501.993
268.269 82.5149
244.292 53.648
440.915 509.809
409.013 252.484
342.201 550.984
227.596 380.792
183.338 487.151
194.874 456.505
213.173 455.345
47.1137 278.136
205.747 481.35
394.09 205.081
264.456 352.446
291.139 577.759
235.843 449.177
444.899 240.742
103.536 481.651
223.606 378.216
15.3343 374.985
458.586 343.067
81.4123 142.376
6.02772 308.068
376.959 207.072
183.705 461.877
386.835 463.974
271.516 526.521
229.917 213.545
156.78 377.927
196.68 171.681
278.437 381.779
47.1162 180.617
261.593 239.963
108.519 230.444
385.048 96.5401
82.6739 394.216
247.39 200.497
144.467 541.308
307.083 571.961
276.538 526.511
481.455 224.447
225.285 372.374
82.5811 404.721
404.44 307.562
261.281 573.501
299.825 454.643
434.438 121.311
208.886 70.7826
415.657 505.822
139.564 83.3764
439.911 113.539
352.859 437.59
269.049 463.119
219.836 217.055
437.694 242.913
444.287 183.492
378.917 51.1401
142.998 546.63
297.301 575.356
496.993 382.017
283.989 577.344
464.126 208.203
238.38 110.745
97.0953 134.331
422.662 121.721
289.315 448.314
398.557 535.631
410.772 473.944
396.953 89.0338
97.8639 484.908
440.746 149.188
450.475 449.395
100.747 146.48
233.084 116.077
389.828 509.415
107.413 146.491
399.914 188.026
177.224 482.629
95.4305 229.239
102.191 448.467
133.928 58.4544
30.6288 405.499
151.401 400.201
97.3154 490.031
277.776 116.602
62.0005 399.05
222.232 436.283
245.805 87.3787
261.5 232.131
422.293 481.586
244.511 420.348
110.166 212.701
68.05 138.442
385.436 272.911
38.0267 173.528
358.924 159.161
377.959 230.931
466.166 257.17
391.607 331.613
36.6156 273.943
189.813 119.506
390.437 166.955
264.735 413.395
147.644 512.308
227.488 208.768
111.457 263.054
397.842 471.999
275.25 367.22
388.206 335.944
215.07 236.322
190.501 48.376
368.325 176.003
383.405 91.7885
91.7589 367.464
244.688 441.243
418.761 536.774
148.87 529.226
37.7044 295.062
261.436 477.882
261.225 483.437
386.399 277.948
93.71 398.607
221.699 469.033
87.3669 530.088
91.5449 76.0096
311.154 168.759
179.507 565.688
96.5106 450.539
393.765 278.595
363.175 160.018
600 600
117.277 229.153
200.977 117.256
89.797 280.802
301.667 504.565
375.259 564.222
75.5638 143.359
430.034 225.425
293.312 527.753
460.534 232.116
133.283 65.9536
320.135 498.653
283.351 119.831
236.211 92.8613
311.79 573.544
237.385 460.794
201.177 182.142
181.105 45.8898
307.141 498.524
55.9827 281.232
28.949 293.687
32.3214 411.276
119.927 71.3979
314.015 522.674
0 600
89.2638 485.971
424.905 263.53
105.923 398.41
473.854 257.509
85.7517 92.147
129.368 178.591
202.294 178.498
420.799 236.252
131.631 187.011
383.705 336.656
185.426 550.487
57.5945 402.279
89.5331 315.6
205.406 553.975
103.919 329.85
181.436 177.495
421.811 97.7471
342.403 477.449
475.98 214.795
17.0242 427.158
272.299 400.505
210.333 528.24
282.513 26.7842
244.384 65.9101
476.667 447.616
261.403 221.831
233.434 457.219
411.62 539.883
409.266 276.229
70.6971 449.413
232.469 230.32
117.306 218.724
414.376 481.51
251.039 106.477
216.773 133.212
115.74 535.822
53.1175 300.498
404.561 193.505
55.0288 456.833
244.524 206.254
302.748 178.059
79.3502 488.299
260.606 23.0347
185.123 481.368
392.629 459.463
262.4 141.22
410.078 241.481
181.933 505.146
457.144 248.156
108.354 372.721
273.403 50.5912
377.982 335.554
16.4185 390.346
194.157 67.1618
328.936 544.541
424.597 525.042
264.562 355.551
398.49 319.694
404.52 75.6462
252.492 95.7298
225.155 202.469
190.737 491.286
63.8442 282.486
53.3288 402.627
461.228 252.214
402.676 539.324
98.5971 236.844
145.023 562.432
260.204 43.6144
75.1058 178.925
384.961 455.217
287.391 95.5846
458.22 398.091
7.58975 336.208
117.489 331.195
13.3683 343.607
87.116 146.468
327.729 34.0665
447.543 124.914
105.146 305.48
486.609 328.981
197.585 57.1844
191.941 169.08
61.6222 405.681
385.521 265.888
430.079 477.929
433.601 157.509
328.41 552.617
211.082 546.493
457.968 374.099
93.5163 447.137
224.602 128.739
271.821 226.788
208.679 462.711
79.7276 181.239
446.321 459.414
314.365 464.463
195.422 481.891
261.559 560.403
127.566 508.302
421.864 243.683
272.311 405.472
182.235 509.236
103.874 488.368
366.692 560.345
421.461 89.4734
189.287 468.555
78.6173 118.156
212.277 536.719
328.709 558.34
100.402 327.261
439.536 480.507
460.666 382.659
265.196 388.439
214.127 481.441
437.963 385.366
41.5457 291.203
436.629 255.978
388.763 322.623
132.764 79.7907
409.509 246.976
309.888 498.518
244.124 79.0179
41.9573 178.214
49.1655 292.701
108.417 311.598
439.506 180.836
481.74 218.179
469.175 176.466
418.541 128.665
431.607 188.373
183.271 414.025
208.669 87.7093
379.7 188.068
369.295 190.581
187.702 399.876
10.008 298.551
196.746 180.441
95.2853 146.485
226.458 446.746
260.207 526.644
109.525 269.45
112.784 72.0046
264.318 345.398
239.766 221.077
382.754 166.067
78.7987 291.557
484.625 280.936
191.557 496.399
270.979 242.321
3.25216 324.644
254.956 87.6189
226.402 473.206
228.25 141.864
23.4342 386.128
360.534 418.852
385.902 55.1779
452.03 464.586
183.356 392.451
253.343 133.412
28.3472 278.238
457.89 137.878
353.729 383.147
409.018 302.51
461.595 450.519
220.167 200.022
95.8403 372.163
379.571 225.57
393.604 326.387
325.231 464.7
201.531 530.588
86.8396 246.819
502.568 348.248
387.213 262.677
501.116 366.172
378.047 162.165
345.374 39.5072
483.945 261.336
244.346 407.641
502.358 396.438
187.423 164.734
277.666 133.19
343.125 429.962
396.344 554.671
