271.329 242.211
274.368 367.54
323.664 382.291
376.225 321.603
373.688 310.637
346.995 362.614
242.885 252.793
202.658 283.662
291.122 404.544
275.013 228.762
207.444 277.668
210.916 350.911
243.068 339.01
217.841 267.229
257.942 338.105
199.176 337.761
331.236 376.831
120 120
204.27 343.763
120 470
242.755 244.224
266.036 242.764
369.97 303.659
339.659 267.476
193.802 330.375
247.927 275.222
263.729 354.597
317.376 383.419
238.885 260.053
281.178 406.574
283.41 380.671
263.138 345.306
359.18 289.396
290.757 224.066
212.509 272.372
216.773 354.799
313.943 241.458
188.009 313.235
275.447 404.701
281.978 223.697
600 600
349.111 277.84
315.813 386.726
255.939 236.205
232.172 356.37
224.607 357.748
296.923 227.337
248.701 332.818
190.109 303.977
283.814 374.155
236.411 351.029
250.452 258.776
237.473 341.503
298.233 399.564
260.659 351.611
302.047 397.833
193.104 297.354
249.247 236.742
266.985 394.873
272.536 386.37
244.118 268.872
352.191 357.529
231.501 259.203
374.755 327.205
319.307 246.632
373.05 332.38
190.337 323.557
470 120
324.425 251.623
344.387 272.631
336.928 371.804
368.884 339.118
275.843 239.218
334.655 262.02
329.452 256.704
341.998 367.329
268.481 362.11
364.23 295.76
301.807 230.703
271.46 400.682
354.148 283.361
252.442 268.897
225.111 261.624
375.084 315.911
255.87 358.545
256.539 262.97
261.092 238.647
266.761 388.433
198.151 289.687
276.599 383.412
278.508 370.89
362.666 346.489
357.334 352.165
309.469 393.137
308.174 236.351
