261.192 112.303
211.066 443.965
95.7601 259.612
460.955 382.388
463.982 392.844
226.267 112.516
426.838 256.926
205.162 481.432
151.219 32.2071
442.157 195.628
264.495 424.504
87.0887 246.863
396.069 505.569
457.549 191.516
393.201 179.08
187.091 575.261
186.804 395.703
244.635 434.487
442.765 477.279
353.794 383.37
383.539 336.65
384.194 97.5882
107.059 219.166
421.65 88.7085
451.168 489.889
268.683 409.253
106.149 449.642
191.315 405.262
242.992 406.03
109.039 230.176
199.974 452.415
128.106 502.456
356.764 438.498
202.08 178.335
401.545 254.489
415.519 518.067
408.995 276.652
203.787 448.87
232.601 23.5625
200.264 494.948
307.141 498.522
299.295 165.743
251.425 321.432
101.776 266.446
99.7569 398.475
407.047 229.406
337.647 373.524
151.245 524.261
251.413 329.461
103.263 481.737
86.3866 187.254
404.677 280.611
244.591 78.4634
259.39 43.4303
431.92 517.742
247.713 494.437
415.319 291.677
197.044 525.515
492.35 426.399
215.345 237.643
215.107 64.4115
93.5414 447.173
232.52 236.31
231 366.848
225.459 240.964
220.499 13.2924
249.542 438.144
183.26 414.025
12.9207 396.817
243.263 146.538
303.574 159.698
116.677 142.915
442.257 249.43
25.2695 436.364
181.512 177.558
383.177 91.7101
328.655 558.463
360.443 410.222
492.551 305.422
50.9837 407.652
229.125 524.528
119.317 518.82
108.325 372.647
410.395 505.49
261.659 342.271
115.296 212.943
393.854 278.578
466.757 205.081
96.6579 449.996
432.425 221.068
80.2231 118.641
69.0254 395.475
244.992 228.293
10.5117 298.274
172.115 16.9162
181.859 509.095
276.394 234.676
155.986 54.6217
436.867 110.57
407.137 74.054
129.315 178.59
392.017 229.925
66.1406 452.772
122.35 222.462
386.942 464.056
227.542 380.751
348.897 374.866
329.983 418.98
378.003 162.21
237.498 61.8432
111.748 477.765
438.841 377.571
225.967 580.492
165.338 18.4001
350.78 552.779
222.061 469.202
244.355 53.4827
480.489 446.771
116.585 307.408
80.7127 498.674
288.969 380.803
253.858 550.279
307.09 571.925
198.166 500.054
394.1 543.167
54.8134 456.934
252.895 267.443
6.8194 307.179
472.019 281.699
105.349 335.62
49.5976 460.574
24.0469 159.084
391.153 55.9299
358.002 406.041
600 600
343.725 372.043
263.417 125.834
454.385 377.401
502.351 396.377
467.459 180.546
314.328 464.467
481.246 231.034
262.353 141.173
79.7145 108.398
96.5183 294.579
72.639 514.776
97.3332 490.101
103.486 197.835
435.559 260.978
293.179 455.929
147.698 512.407
399.587 187.705
285.638 501.683
397.202 275.696
122.205 178.64
468.208 236.778
200.282 71.4502
395.525 509.805
280.627 485.352
144.087 546.083
134.494 181.165
303.219 18.4387
491.076 366.653
144.319 540.547
208.927 462.425
399.5 297.501
277.291 83.6078
17.4691 388.739
244.496 425.868
329.053 388.446
385.241 193.171
76.7686 106.152
394.061 530.4
31.3739 275.373
145.958 49.9748
388.93 454.36
95.5926 249.733
430.032 253.818
236.699 389.927
190.947 491.548
414.366 481.51
502.555 362.853
264.825 458.829
114.174 181.013
215.881 231.238
379.596 225.545
45.5794 123.199
431.294 381.203
200.713 59.5274
231.435 239.823
63.7484 282.447
181.879 505.337
367.025 158.094
156.188 439.563
256.014 26.8188
502.215 341.962
427.293 485.585
420.527 510.447
427.533 150.197
492.561 320.634
95.8526 372.198
377.748 216.951
197.65 572.752
460.589 388.293
281.215 381.61
26.9487 346.892
219.363 227.406
83.996 86.851
117.629 331.311
95.9144 383.706
120.875 188.458
444.082 183.475
241.663 73.7423
213.666 62.3895
84.8181 110.289
392.547 84.7176
387.62 87.3263
152.913 438.931
437.191 512.868
238.374 540.436
496.733 381.188
151.666 387.989
401.28 292.85
421.484 280.426
492.271 300.491
229.931 213.586
236.455 567.613
402.993 515.465
62.1334 146.439
30.6655 451.028
298.255 178.861
402.442 539.321
304.542 519.419
55.8673 281.206
59.0595 137.264
159.625 44.8529
195.882 579.306
427.986 181.684
117.213 191.313
232.74 545.943
379.139 50.7369
309.888 498.517
464.595 449.551
266.581 133.264
446.709 125.031
388.214 498.775
426.427 382.351
27.5776 281.295
106.983 291.876
244.535 72.5002
244.723 517.429
85.3264 233.369
128.254 72.829
299.719 454.529
291.562 91.1256
119.722 57.5378
428.881 477.832
191.889 563.766
35.7135 274.303
378.178 201.649
240.424 548.41
93.1299 453.773
146.396 535.763
375.644 160.047
248.604 146.456
422.189 481.581
283.264 492.297
32.5735 455.857
404.688 307.093
271.488 526.452
272.804 451.395
417.358 249.554
215.255 485.561
256.363 523.489
396.681 546.948
60.1298 454.637
115.99 534.72
398.575 535.608
149.789 585.383
293.841 460.019
245.188 555.462
221.685 453.595
272.302 400.508
314.366 22.3479
236.252 362.901
40.958 290.852
138.36 76.352
82.5432 142.347
389.786 210.673
148.531 417.691
207.345 526.78
66.1148 139.741
450.314 449.356
84.3147 449.416
434.994 150.715
148.924 529.031
237.03 404.602
80.0104 80.4646
279.746 500.542
446.352 459.439
404.378 193.846
188.544 92.0933
409.005 252.493
408.535 274.923
385.347 55.099
108.47 384.628
12.6041 400.6
227.21 149.768
189.781 459.829
418.164 537.198
210.58 133.444
251.452 222.444
486.185 272.166
348.352 433.518
179.315 593.886
76.7757 449.541
325.263 464.715
37.0663 405.496
350.394 39.4736
54.0013 136.098
69.5836 178.281
152.763 39.0354
261.617 240.106
123.284 61.3272
110.099 212.71
252.015 507.573
251.47 212.417
264.455 352.454
411.175 226.29
424.664 239.044
230.666 148.101
23.4612 176.391
234.255 84.4798
261.487 567.488
294.678 18.6997
479.283 257.644
251.297 107.027
214.336 481.321
77.0775 529.986
358.698 159.097
155.44 382.684
184.875 481.349
261.085 492.232
108.012 136.421
449.084 388.496
197.429 8.5339
79.1012 291.873
106.924 262.603
423.871 225.692
256.091 511.146
196.291 68.4514
437.61 477.384
339.454 380.457
76.232 389.95
123.388 563.437
136.5 40.6911
218.038 374.975
112.522 448.198
465.646 211.94
450.584 246.034
162.452 579.227
322.959 505.467
218.451 533.303
249.033 500.453
502.526 405.116
96.2105 199.284
265.567 526.993
484.937 370.898
291.724 577.717
244.646 271.266
187.91 569.656
377.482 327.763
446.791 474.465
395.589 197.5
70.9105 284.004
156.375 378.402
245.274 46.9311
89.0233 63.8525
250.002 225.289
236.575 356.71
178.995 12.5206
112.518 57.7242
79.7632 181.324
115.704 484.673
403.645 261.029
443.841 385.69
42.5783 274.728
89.1321 456.816
357.491 397.24
268.955 223.995
283.34 119.809
187.3 164.652
437.613 242.939
35.7185 438.625
265.357 474.4
311.157 470.709
457.148 453.88
491.914 324.153
106.426 187.396
140.651 83.6686
148.913 430.469
93.4287 59.4278
269.954 532.695
435.663 105.273
187.725 400.154
439.433 479.779
274.847 535.315
251.543 207.257
487.706 435.299
30.628 405.509
415.385 240.118
452.961 391.874
74.4882 287.477
266.76 35.7054
227.978 473.48
81.7264 297.767
229.667 479.105
183.785 554.745
257.531 264.142
254.536 46.3623
276.231 44.1425
325.376 400.82
177.96 163.917
392.366 538.868
307.327 480.411
317.192 161.341
184.906 550.559
311.348 475.905
179.309 388.108
385.219 455.084
92.8638 219.081
296.333 92.9871
56.2937 405.895
458.085 374.029
287.955 526.41
212.994 91.7174
161.997 373.476
422.694 121.937
216.651 86.4667
243.681 537.725
162.008 573.975
287.279 87.7619
402.391 505.523
240.598 564.466
97.59 134.305
82.2665 404.734
265.237 388.417
483.249 336.546
293.57 24.706
388.755 322.62
126.578 559.448
222.725 589.129
484.879 441.805
67.2575 464.279
377.762 173.646
112.913 300.232
16.7806 426.666
471.453 367.765
139.662 502.407
248.768 275.235
357.417 425.918
85.5824 459.938
481.221 216.744
269.273 446.167
476.56 447.596
447.024 499.159
240.555 465.503
320.313 498.576
155.057 27.346
228.582 516.595
311.625 573.534
137.932 580.849
479.224 287.774
292.531 531.91
436.43 247.223
328.413 552.578
319.993 25.7448
600 0
188.896 119.257
420.68 519.223
497.938 386.888
390.947 559.696
275.449 487.613
232.748 50.8106
196.514 62.2863
198.016 557.792
43.1517 407.235
91.6577 305.153
272.721 133.549
304.506 508.22
404.879 471.734
198.632 567.933
219.918 200.007
395.561 170.3
461.217 252.226
272.307 405.48
150.172 54.098
458.294 398.128
455.291 235.545
268.525 82.4522
433.593 157.521
200.951 117.274
164.652 435.415
257.395 95.4646
188.52 509.482
257.531 516.299
27.2651 154.466
299.316 461.143
271.878 226.857
335.416 420.136
261.052 553.447
159.753 583.416
207.084 115.905
270.171 49.8911
424.568 525.011
273.236 50.5751
499.951 407.134
192.122 65.5879
245.369 489.542
96.563 211.979
277.654 116.594
236.81 341.775
128.51 66.5973
232.502 224.69
302.07 498.524
97.2906 485.145
83.1064 394.399
46.674 181.122
434.963 126.304
479.477 366.892
61.6059 399.23
229.3 91.2903
111.595 263.355
241.106 445.088
287.503 95.5887
231.672 570.257
97.2001 323.092
226.048 482.8
383.373 509.312
43.4184 136.907
103.883 329.792
236.591 101.18
270.736 39.6893
470.673 286.544
195.28 121.489
20.8014 291.041
228.791 130.693
328.955 544.523
232.615 52.846
311.585 498.501
263.646 242.377
264.661 441.596
278.256 584.6
387.329 262.662
466.417 257.27
0 600
52.4633 300.808
420.883 236.226
127.315 509.314
374.213 50.0525
142.812 584.158
245.011 86.9996
431.213 385.777
247.533 200.492
293.921 171.755
73.0686 116.835
436.6 256.099
252.835 132.898
243.481 469.47
361.919 153.609
446.762 377.533
466.324 343.627
170.463 426.257
463.374 191.332
402.123 271.161
325.546 405.994
302.727 178.071
188.284 559.162
92.5436 291.963
222.613 246.799
223.402 91.4666
109.024 304.491
84.8648 488.536
368.891 165.518
212.015 191.75
380.719 233.671
85.2513 532.837
222.254 436.271
108.512 379.537
33.1429 139.037
181.974 390.516
422.239 473.964
382.071 458.525
196.652 171.615
271.738 12.3094
409.989 295.715
376.973 207.08
276.045 239.24
290.722 30.1481
189.137 468.56
398.664 319.489
33.9254 442.822
17.3958 380.491
37.7035 456.939
431.038 225.168
391.551 236.813
71.4879 489.906
198.581 483.819
229.293 537.543
478.605 377.462
463.178 164.219
167.454 374.073
456.215 131.518
58.0443 468.486
434.953 381.142
502.567 348.224
286.582 577.493
239.997 111.095
416.882 288.839
103.388 448.32
326.677 415.206
322.174 396.38
487.958 295.612
258.413 32.4328
236.969 150.796
217.644 112.52
492.501 420.505
396.374 309.562
203.848 12.5419
111.842 295.716
207.934 188.846
440.9 113.895
314.867 159.622
243.468 339.62
417.94 128.277
131.619 187.058
301.41 484.379
402.103 84.6836
94.7408 243.351
310.391 158.371
429.385 103.705
273.639 80.1645
116.503 479.873
379.867 102.236
110.715 539.111
95.2853 146.486
361.339 559.445
442.121 450.261
87.1161 146.467
50.2843 485.318
268.68 396.744
325.017 475.955
308.675 18.5135
159.296 52.497
404.396 289.22
266.472 8.85889
369.288 190.545
336.636 492.113
331.034 489.933
7.95559 342.616
477.729 232.283
415.738 96.0129
148.472 425.993
304.339 458.443
311.351 512.825
176.596 482.777
459.436 160.148
265.638 46.6476
272.517 589.018
372.747 183.663
272.983 230.937
109.064 55.4348
491.404 333.495
392.187 464.582
89.2342 232.095
13.8762 292.05
426.825 518.61
65.0402 504.98
27.121 445.353
15.5119 375.104
241.62 216.453
377.669 227.816
449.512 494.829
382.45 564.421
486.703 329.047
256.62 337.707
108.388 311.449
269.05 463.114
196.554 504.26
272.987 467.283
438.915 157.476
279.695 22.8741
42.8894 298.47
12.088 368.059
374.552 191.586
123.545 568.869
3.37518 311.551
23.1411 382.857
375.79 564.435
89.8008 280.807
31.1089 411.336
123.506 334.355
3.92722 330.928
95.156 388.81
12.8432 359.151
317.152 164.767
460.334 232.085
497.564 339.505
345.372 39.479
100.519 327.395
253.919 125.39
392.524 458.997
296.859 575.689
49.3458 115.461
244.197 259.454
52.2302 179.523
23.5062 171.363
496.445 392.347
376.933 167.4
244.175 324.503
208.846 182.125
103.783 54.836
261.398 573.77
228.486 141.71
89.3201 315.388
239.001 80.3171
190.429 481.531
246.997 100.325
115.917 271.896
294.894 499.308
219.772 143.86
48.3188 132.178
263.501 146.039
471.269 449.363
357.445 388.116
0 0
264.358 392.268
244.485 484.941
295.945 99.9631
502.501 355.134
495.902 366.56
301.661 160.288
66.2764 175.712
312.095 506.296
208.873 86.7263
218.27 91.5794
244.361 407.743
199.887 129.661
452.762 126.329
195.218 91.2469
389.866 93.1684
114.004 477.589
215.777 592.611
128.118 553.545
105.139 305.642
142.297 46.2131
441.219 116.928
58.2531 112.152
324.135 30.0415
337.179 382.822
401.258 77.5134
253.615 116.722
229.175 42.4082
21.1051 431.405
261.494 232.133
244.868 202.131
186.765 8.5927
223.904 535.444
470.191 192.363
104.68 444.892
187.101 500.286
473.464 199.396
112.406 64.0018
123.022 513.967
401.249 229.435
213.161 12.3338
199.455 530.219
166.384 429.093
251.218 128.689
234.116 54.5926
255.773 532.593
260.1 87.0061
228.123 452.985
7.38227 335.122
275.232 367.209
219.828 217.018
301.779 504.57
191.475 496.513
86.9163 116.094
281.706 526.539
197.138 180.473
333.886 543.399
233 458.073
372.392 98.7651
81.7495 146.404
100.748 146.475
119.8 528.605
474.744 366.383
148.504 411.108
388.129 335.993
473.851 257.499
24.6635 386.162
317.9 518.635
236.276 396.413
483.866 261.256
133.312 552.394
119.265 51.2464
90.716 536.722
270.911 242.331
269.188 365.609
339.165 39.4737
70.1066 449.534
87.4172 98.1642
240.556 67.3643
106.051 281.74
317.034 573.552
436.102 249.166
343.932 483.126
235.671 449.203
264.567 355.561
101.048 366.246
107.419 146.516
97.9319 236.589
193.957 551.718
315.648 485.186
226.405 446.678
244.545 414.111
328.052 566.031
418.345 260.66
282.887 27.4526
244.516 420.347
247.48 512.476
472.667 341.128
395.77 235.213
261.303 483.258
37.6979 184.292
37.9239 287.593
424.171 531.167
247.412 497.876
475.726 215.112
98.7254 54.8813
215.579 476.457
113.042 73.7304
141.312 508.639
93.4491 319.394
264.45 418.18
337.392 425.295
428.287 129.658
426.442 157.285
237.704 526.054
264.793 455.087
176.741 172.508
439.409 180.786
392.46 186.283
403.83 188.315
440.642 510.177
483.763 377.659
304.516 513.996
122.354 224.539
453.219 145.481
228.597 440.309
100.113 187.526
261.052 531.566
251.05 201.803
314.972 522.552
405.207 69.5259
335.567 386.68
122.927 342.929
64.7149 112.845
184.058 467.61
262.143 213.634
95.2052 205.147
477.143 332.397
25.8785 414.706
57.2693 402.48
308.329 460.596
224.129 128.873
396.751 89.2563
16.5503 421.757
176.497 166.673
49.7083 468.964
387.21 239.911
192.075 583.38
95.4274 255.033
202.383 468.29
151.532 518.155
103.643 488.371
126.146 41.8628
213.403 90.1816
325.41 392.536
272.639 91.2276
484.726 280.838
219.482 223.009
197.872 588.347
257.554 504.563
105.992 539.589
129.081 191.98
264.581 531.218
417.806 229.895
244.474 206.227
444.136 504.713
102.316 291.523
62.8081 467.238
95.4572 539.758
389.776 531.97
382.839 166.12
232.471 230.321
51.907 139.854
262.442 95.2883
306.194 522.238
261.541 560.389
216.707 538.87
478.657 337.404
479.561 281.565
335.35 36.3356
405.333 219.418
391.614 331.659
392.832 313.123
123.331 575.234
242.893 559.964
395.442 213.578
151.538 391.187
195.11 456.379
280.844 87.1404
409.129 302.406
89.504 394.408
406.664 481.229
80.4654 462.407
3.39376 324.804
407.459 539.5
370.332 46.6477
385.129 197.174
200.496 563.252
352.803 378.754
192.755 129.02
385.558 265.573
67.9989 146.429
449.318 183.515
492.502 312.815
370.815 104.741
225.84 572.699
424.246 269.908
397.699 81.6555
416.862 101.498
53.3548 402.594
277.671 133.187
17.6522 405.054
157.632 589.076
401.177 477.084
434.406 121.406
29.3083 293.795
412.585 539.8
234.779 385.097
57.5471 178.777
444.744 454.883
367.642 560.4
261.544 227.063
458.008 137.948
93.3802 187.567
331.741 500.416
114.703 146.276
324.255 573.648
48.0915 402.496
208.57 594.684
62.5024 488.56
222.668 515.118
90.1006 401.719
360.522 419.075
246.737 330.195
112.659 326.103
177.034 420.67
223.92 485.192
472.285 235.522
422.059 243.657
241.029 263.393
242.242 528.623
62.4301 405.637
362.943 159.886
335.805 484.163
108.281 396.452
233.453 132.513
202.811 592.732
23.397 164.035
172.154 588.667
203.359 489.521
418.232 473.42
223.903 522.441
251.34 539.881
399.809 512.635
84.5316 283.11
224.446 214.512
76.2659 521.538
174.173 387.06
216.553 133.313
437.915 385.347
227.656 16.2315
462.405 183.311
218.878 519.677
380.84 324.661
74.4935 101.494
327.885 34.2162
244.61 212.383
251.925 520.625
301.776 568.784
357.466 403.177
102.7 136.55
280.684 535.467
470.44 178.228
421.843 152.649
95.8983 229.177
464.319 207.657
54.333 488.331
111.264 337.176
393.477 504.57
343.021 551.475
294.33 449.02
121.234 46.4736
195.045 95.7223
262.095 33.6858
257.257 137.612
251.488 214.213
202.781 133.275
276.507 495.701
117.715 229.074
409.514 246.964
470.496 336.42
409.393 473.704
204.719 531.649
23.6283 181.636
220.829 543.019
87.3191 311.93
227.527 208.775
232.376 217.951
207.599 90.3669
267.97 359.049
377.346 502.981
186.947 410.068
429.113 262.496
120.679 71.2384
396.068 61.4337
279.51 95.3971
422.822 129.52
393.67 205.058
86.164 138.342
471.319 212.748
445.43 240.613
380.211 96.0673
287.096 486.098
362.47 46.2125
251.405 112.648
108.52 389.757
212.405 185.641
109.867 488.493
265.015 131.648
133.136 80.174
183.743 461.831
429.583 121.478
221.324 204.349
400.446 315.516
399.681 203.417
368.333 175.976
84.9509 290.705
407.874 84.4602
413.007 84.4373
71.287 498.108
139.287 550.095
50.4519 293.554
31.2798 436.396
236.679 106.098
230.358 137.349
372.832 210.217
21.0471 355.158
279.41 371.981
130.811 579.02
452.742 465.422
491.903 374.326
192.091 8.43075
354.441 555.146
100.115 377.179
488.994 264.91
183.373 487.053
398.516 178.474
289.096 374.381
108.719 317.366
86.4999 299.257
112.74 276.721
337.941 546.931
468.708 380.931
276.433 49.9872
417.443 255.795
83.7929 74.9006
288.889 123.257
23.9587 350.929
440.124 149.714
251.766 334.929
410.266 515.427
257.58 488.107
390.19 166.828
250.546 258.506
448.326 157.483
264.734 413.397
450.82 237.55
396.515 301.485
239.972 221.256
218.202 71.0329
13.179 343.604
311.4 168.506
353.066 437.754
209.103 71.5539
157.834 21.2132
386.429 277.971
332.839 496.371
281.567 373.157
327.66 493.638
473.397 377.429
410.063 241.509
278.478 381.757
263.385 9.16586
7.58029 301.254
225.417 372.309
293.065 527.539
355.733 39.5887
307.306 173.843
189.573 180.278
36.9838 411.311
93.649 398.613
292.81 180.044
41.5288 460.355
264.929 587.557
453.593 471.872
470.596 170.019
260.852 527.673
44.295 476.622
454.327 183.567
317.089 505.387
326.476 502.436
31.681 283.411
492.759 412.943
403.268 64.351
3.52442 318.608
252.111 95.8509
201.033 182.053
418.24 221.45
303.349 568.652
276.538 526.525
85.2739 68.2455
415.54 505.767
264.412 580.846
319.974 481.029
272.25 472.252
281.907 128.976
219.905 241.858
74.2071 143.054
264.452 434.196
285.79 532.723
70.2844 402.698
112.401 320.453
401.55 173.028
216.474 453.428
211.022 112.546
225.133 202.348
281.27 577.586
195.244 481.705
422.569 98.0981
76.5078 464.648
253.673 146.581
389.86 509.438
75.7637 146.399
183.465 392.559
226.333 85.8969
372.838 213.7
377.902 230.817
385.43 273.074
91.7918 136.436
324.475 497.862
115.593 137.027
250.263 19.6179
325.559 471.821
340.485 479.59
482.69 332.736
270.147 116.701
246.574 319.221
100.938 539.458
93.0286 491.183
216.237 440.822
188.046 96.6226
379.164 498.602
325.48 411.719
445.313 146.58
454.124 157.499
58.1722 143.494
379.759 188.07
209.808 488.303
244.817 441.052
434.233 180.337
101.31 219.624
353.734 155.974
104.689 368.59
78.9744 488.31
377.974 335.539
430.932 484.604
501.177 366.122
91.7527 367.473
211.846 532.933
267.78 216.245
187.384 122.663
433.678 195.079
148.601 405.004
261.433 477.623
87.7354 494.667
37.4853 294.937
438.341 128.975
196.319 468.492
408.837 99.9087
247.884 476.474
210.766 533.423
393.411 326.657
110.631 191.678
168.374 574.49
233.103 400.677
468.788 166.969
134.13 498.599
305.386 467.45
261.402 221.749
72.3386 96.9322
95.6204 278.142
207.109 59.172
483.676 291.399
244.519 59.6478
357.57 433.207
382.699 221.613
246.779 531.192
77.5949 402.445
396.19 262.614
168.976 379.483
45.7775 481.051
403.672 177.676
308.904 485.668
235.825 518.984
114.277 343.492
213.937 454.316
231.515 32.8871
245.744 254.822
266.326 91.7943
456.819 247.891
89.3368 485.883
390.017 316.978
21.1309 416.614
396.249 554.861
131.2 39.1895
70.1693 510.323
294.247 500.877
261.646 498.011
426.159 187.123
228.656 543.424
117.413 218.858
46.6138 277.947
264.32 345.406
200.904 96.6315
79.1961 95.0671
427.13 219.165
400.138 219.57
462.004 450.204
354.351 151.382
460.951 337.006
398.708 469.119
255.551 14.1128
236.444 351.431
215.686 469.18
135.575 68.664
30.4587 188.052
244.375 65.9145
250.062 532.533
236.086 92.3204
167.907 568.17
287.701 495.388
112.802 283.324
38.9293 137.653
412.931 221.564
106.007 398.386
239.747 461.436
424.932 263.495
151.424 400.119
109.651 184.229
103.405 235.693
448.624 191.441
183.216 163.394
201.946 86.7529
82.7539 242.701
22.5002 405.568
233.537 116.907
86.6064 92.5088
342.331 488.088
481.606 224.447
488.97 430.342
184.894 585.784
264.598 114.939
110.342 443.25
420.057 84.7425
422.581 515.275
273.349 386.235
254.98 87.6956
393.647 218.994
278.936 14.7936
192.141 169.252
424.448 276.169
289.239 448.928
168.584 581.509
431.566 188.246
319.553 464.503
201.209 522.191
109.366 269.328
447.437 484.878
18.5263 343.707
459.278 343.198
41.9189 402.665
463.389 372.926
223.487 378.203
251.38 546.892
28.7289 147.211
101.174 280.979
75.081 178.871
343.255 430.103
