397.228 275.683
141.598 56.663
148.535 417.69
167.432 374.056
25.8934 414.473
303.946 568.968
266.358 91.8515
20.96 416.849
81.9073 518.429
319.957 481.013
264.652 441.576
264.665 455.206
91.6611 305.137
434.901 105.253
322.316 505.518
236.574 356.691
216.992 453.475
197.733 553.081
405.819 68.9517
260.849 491.806
428.436 150.09
195.966 121.311
95.7838 259.668
211.977 191.738
325.451 411.489
57.0172 179.25
112.541 448.449
257.301 137.676
377.477 327.77
263.847 114.355
483.315 377.691
469.993 285.975
318.144 519.099
319.545 464.506
279.427 95.2897
389.772 532.109
236.772 404.441
390.193 208.791
183.059 163.379
379.35 498.513
53.4389 473.103
134.501 181.189
129.074 191.995
352.711 378.328
378.223 201.6
415.281 240.178
431.932 385.726
203.001 133.314
272.721 133.548
32.4876 284.142
299.575 461.342
52.8238 480.455
495.866 366.545
360.477 410.508
326.199 502.713
325.599 471.762
75.764 146.384
382.713 221.596
112.988 300.432
296.418 93.2282
114.477 180.894
471.173 367.948
444.618 454.696
429.232 103.485
268.683 409.254
475.066 366.296
448.325 157.458
289.094 374.367
155.595 382.01
66.2573 452.611
114.323 343.52
70.4064 119.91
447.039 499.31
420.369 510.259
4.61568 331.89
380.886 324.638
123.486 334.354
217.604 508.295
109.567 184.317
16.5272 421.591
58.2021 468.434
177.999 163.902
115.445 136.917
13.1889 396.063
497.505 339.522
485.015 370.922
108.505 379.543
461.198 336.887
115.364 485.162
354.449 555.151
191.262 405.372
111.847 295.747
219.468 227.08
188.781 509.484
424.711 239.017
304.51 513.999
254.088 46.2882
100.575 74.0718
324.117 30.0233
442.183 450.202
236.806 341.82
99.7594 398.47
187.158 500.278
84.7708 488.547
141.405 508.766
262.131 213.646
339.363 380.539
21.0923 431.467
395.788 219.568
120.09 527.169
449.312 183.634
252.368 520.73
217.644 112.414
244.834 202.265
155.967 439.602
454.309 183.8
81.7597 297.735
308.198 460.577
480.939 446.42
236.716 101.113
267.781 216.229
109.575 488.496
451.055 491.09
112.684 326.152
291.838 498.909
225.991 112.835
473.079 200.166
374.927 159.909
230.732 148.101
103.362 197.884
418.972 84.2259
148.451 425.934
11.9633 366.846
106.191 536.108
252.936 267.466
76.1227 389.951
324.759 476.335
38.1492 287.886
82.7744 242.56
301.683 160.325
116.935 191.364
20.2431 290.757
403.372 470.738
122.087 222.202
100.113 187.493
438.709 128.788
43.5015 298.759
200.523 71.3474
232.53 236.13
434.444 180.37
600 0
357.486 388.402
466.35 211.927
208.917 182.16
13.0536 359.04
190.148 92.1066
453.086 126.683
267.325 19.3732
362.081 45.8205
253.63 146.579
85.1709 460.106
166.497 428.975
199.484 88.4298
453.748 157.499
219.784 143.792
320.154 25.8924
251.324 329.467
422.557 186.297
492.563 305.442
236.945 150.79
368.742 165.431
392.038 464.634
169.004 49.2865
86.4875 299.261
236.256 362.881
343.781 483.851
35.3898 437.368
122.957 342.894
311.15 470.699
25.6544 436.312
211.77 112.434
85.3847 523.169
488.958 264.795
81.119 108.599
470.644 192.543
399.874 512.766
47.3849 142.853
39.3531 163.527
250.724 544.847
270.798 39.738
292.122 532.154
169.006 379.533
92.5543 491.596
286.838 486.114
69.8351 402.863
315.748 485.158
206.131 533.534
436.405 247.326
471.458 449.321
211.426 83.2204
244.299 270.235
264.45 418.197
207.869 188.798
219.688 242.029
93.423 187.633
246.358 318.869
306.413 522.26
104.077 235.172
268.924 223.902
401.269 229.44
49.3765 460.698
234.287 476.212
84.4569 283.25
96.6114 294.557
251.469 212.42
465.802 166.914
304.669 508.924
302.202 484.563
410.377 505.482
422.689 474.361
395.544 235.428
392.836 313.116
395.38 60.7443
37.8002 410.778
420.81 519.342
306.977 480.675
418.202 260.673
164.484 435.581
101.115 366.247
394.576 178.565
403.639 261.06
387.416 87.4417
391.661 236.738
95.3011 204.995
299.024 166.077
463.97 393.011
214.499 503.063
101.825 266.473
77.5232 505.859
80.4513 462.499
264.38 531.68
271.639 91.0588
77.4327 100.902
236.444 351.451
210.34 91.2749
251.983 323.531
416.943 288.762
231.468 239.805
98.8927 534.069
214.519 78.7274
326.802 415.427
0 0
276.372 495.313
266.528 133.264
249.004 438.197
212.434 185.72
383.052 564.328
471.179 213.288
217.329 375.132
225.105 452.885
325.411 392.548
112.767 276.656
121.025 188.468
251.615 334.615
311.352 475.966
85.8041 186.98
337.944 546.917
110.56 191.72
412.997 84.5501
260.527 112.488
281.878 129.003
174.145 387.032
181.961 390.508
468.222 236.837
356.679 438.623
392.804 229.856
372.787 210.304
238.615 471.228
97.1075 323.005
69.6351 178.118
491.732 426.912
446.839 474.464
391.566 184.711
155.046 563.766
107.958 136.454
42.8191 274.976
428.588 181.481
434.533 126.499
312.233 505.97
392.336 84.8594
325.387 400.86
492.603 320.504
251.484 214.213
189.336 180.24
335.585 386.652
366.366 157.68
432.815 221.535
246.944 100.085
261.597 342.204
302.109 498.514
48.0972 402.481
106.407 262.832
244.549 414.119
389.824 93.2997
134.384 498.685
95.4509 278.157
89.2021 456.918
140.926 551.749
12.7568 293.41
65.1355 175.828
266.671 36.3162
392.317 538.795
151.533 391.2
422.471 515.069
438.915 157.513
186.405 395.172
244.488 71.5734
94.0728 531.037
225.429 240.973
108.67 317.238
317.214 505.452
357.485 397.24
372.746 183.628
417.786 229.927
23.4639 383.043
62.4905 488.933
337.58 425.52
453.934 471.476
192.335 551.99
128.461 501.912
396.691 547.661
325.55 405.998
264.454 434.189
265.023 459.154
446.369 146.753
111.286 337.22
487.956 295.668
195.063 95.7759
251.288 539.748
497.836 387.244
217.954 514.547
427 219.108
404.427 289.085
385.189 193.053
245.738 254.818
378.217 102.647
200.375 96.7559
418.216 473.329
281.7 526.548
450.923 245.969
243.41 146.498
449.164 388.55
263.458 125.881
400.433 315.582
404.597 280.879
324.234 573.563
244.522 425.866
409.851 515.345
108.285 396.522
26.8224 346.814
328.934 388.521
17.3143 380.358
184.112 467.661
260.006 531.339
374.694 191.559
429.607 121.572
492.491 312.814
215.609 469.235
200.294 497.62
402.341 84.6144
210.576 133.458
479.471 281.619
279.68 500.436
288.2 30.5488
251.468 222.306
196.306 468.51
353.766 156.08
317.048 164.853
437.084 477.519
414.95 291.992
308.365 18.6005
344.925 372.312
196.598 525.269
67.9992 146.502
84.4286 449.407
236.248 396.47
490.933 366.686
179.411 388.165
377.879 217.092
7.91679 342.594
243.589 339.464
429.987 253.882
402.392 505.518
81.7493 146.404
189.909 459.78
106.921 219.246
163.974 49.9784
394.02 530.354
472.7 235.196
128.789 73.133
293.542 23.9473
372.872 213.723
261.762 497.577
116.537 479.486
183.352 559.765
263.482 146.047
119.235 519.796
262.378 95.2722
397.773 81.2528
421.542 280.336
399.078 203.129
482.432 333.736
288.966 380.808
361.276 153.339
270.948 116.833
332.761 496.649
357.443 403.096
275.573 487.39
383.582 509.409
470.06 336.557
447.66 484.723
423.645 225.734
283.352 492.266
481.554 230.167
72.4008 489.759
116.77 142.927
232.371 217.938
280.632 535.51
68.2175 464.2
281.798 373.217
257.567 488.106
151.119 524.566
266.382 526.59
44.4126 407.07
472.534 341.1
246.697 330.51
202.88 523.341
200.086 452.306
135.732 71.538
391.365 56.0792
502.215 341.944
148.581 405.103
138.641 75.6245
463.128 191.3
257.522 264.118
435.867 380.389
441.907 195.647
143.79 555.942
405.108 219.405
407.882 84.4543
261.516 554.595
87.3966 114.954
369.924 46.9908
403.503 515.561
216.412 440.676
380.718 233.657
109.929 442.872
442.901 477.579
62.6068 146.402
450.762 237.671
276.273 50.2384
28.1161 447.977
172.793 564.547
205.786 92.1899
52.7229 140.994
382.103 458.565
402.536 477.565
502.495 355.134
267.97 359.049
272.892 467.046
287.589 495.046
377.296 502.994
378.405 96.1987
354.329 151.38
85.9234 139.691
227.142 149.767
437.173 512.895
433.649 195.054
418.298 221.468
394.432 543.448
115.911 271.86
229.048 91.0653
276.394 44.2656
360.216 558.629
94.816 243.454
287.088 87.6954
331.48 500.585
100.828 280.816
101.303 219.573
335.652 36.6273
76.7737 449.564
402.484 178.208
260.426 86.8882
268.684 396.741
298.405 17.9312
292.945 455.683
253.48 116.861
487.339 435.28
435.612 260.954
109.651 304.624
102.801 136.506
389.981 317.071
279.412 371.993
230.433 137.405
122.018 178.669
483.759 291.307
116.558 307.374
485.061 441.575
411.278 226.309
377.769 173.612
357.403 426.114
502.597 404.581
199.7 483.52
341.839 488.578
274.638 535.251
21.6821 354.54
281.168 381.609
415.5 518.012
448.995 191.377
337.126 382.903
401.413 293.066
291.871 91.2255
389.082 454.326
429.123 262.493
324.959 497.316
112.788 283.313
22.5622 405.588
314.444 22.3191
431.758 381.267
492.215 300.331
337.805 373.187
74.5103 287.455
254.321 125.326
464.79 449.515
256.677 337.796
100.138 377.339
376.932 167.426
293.945 459.95
401.551 254.493
89.5099 394.501
426.515 157.296
251.388 111.862
439.39 377.475
222.682 246.773
431.168 484.266
255.556 551.086
87.3043 311.953
122.341 224.739
446.759 377.547
265.608 578.141
409.414 99.109
407.994 274.689
281.125 485.334
146.799 54.6263
435.974 249.304
58.1576 143.403
406.258 481.224
105.293 449.445
454.783 143.912
483.545 336.752
149.05 430.833
251.853 534.649
311.58 498.477
250.005 225.294
327.79 566.748
89.9591 401.754
70.5292 283.854
417.028 250.873
42.973 146.851
96.147 210.373
276.394 234.679
296.305 499.23
95.5833 249.843
111.493 477.818
257.412 504.797
272.11 580.759
424.245 270.032
295.879 99.9029
96.0617 383.275
311.373 512.799
105.319 335.572
12.5679 400.643
92.3794 291.902
426.706 518.634
269.677 532.487
314.613 159.528
269.135 446.024
241.189 444.959
146.369 535.706
432.289 517.5
176.474 166.759
3.25043 312.687
217.234 521.424
385.184 197.13
59.9756 454.734
468.804 380.765
454.288 377.421
372.3 99.1402
94.0115 219.293
18.6725 343.75
7.48606 302.741
50.6879 407.684
370.914 104.796
396.326 309.559
81.3651 498.142
288.892 123.249
113.276 477.524
85.041 290.785
194.816 90.2682
396.224 197.313
424.474 276.066
148.507 411.109
401.887 173.175
195.711 504.449
479.9 367.113
304.449 519.039
232.504 224.693
330.153 419.048
443.762 385.66
215.52 91.4502
303.632 159.68
273.356 386.23
335.36 420.111
56.2009 486.745
434.665 150.776
170.485 426.249
486.319 271.887
502.579 362.599
112.414 320.599
396.629 301.722
473.452 281.354
269.686 49.5638
69.3237 395.282
86.7156 83.6625
251.044 201.782
340.015 39.6265
440.945 117.394
86.1905 97.7264
406.857 229.435
176.776 172.572
442.534 249.326
104.853 368.76
216.109 231.036
304.058 458.154
330.96 489.86
36.8764 405.533
244.312 259.196
317.034 573.58
461.983 182.89
260.891 30.5445
467.073 204.731
491.59 324.615
492.145 374.394
354.924 39.3038
309.126 485.636
164.306 564.667
106.091 187.5
499.89 407.205
403.924 188.553
285.884 532.639
478.288 287.662
396.277 505.609
41.4513 460.126
151.625 518.455
245.578 46.9611
186.938 410.064
377.622 227.847
248.481 275.427
301.158 569.458
460.864 388.882
277.721 18.6238
242.717 405.969
87.5069 494.535
207.472 115.587
232.853 132.974
298.231 178.866
89.2611 232.128
102.322 291.504
162.01 373.491
244.518 433.968
3.57259 318.611
17.4921 404.951
465.932 343.702
151.79 387.894
453.035 391.944
395.636 509.836
245.011 228.284
478.328 338.167
244.539 59.6559
334.022 543.421
85.3149 233.387
415.253 96.6146
240.961 263.58
215.658 476.107
250.559 258.522
37.3414 457.072
492.66 413.075
427.672 129.862
108.472 384.628
263.593 242.374
75.8926 464.761
210.232 497.927
287.673 526.37
277.971 580.232
444.09 504.795
152.835 438.799
424.353 383.711
474.061 377.284
280.762 87.1955
261.542 227.068
310.444 158.376
264.867 131.234
415.039 102.05
272.815 451.38
244.354 325.477
274.37 80.3751
348.264 433.462
199.72 129.676
251.097 128.682
491.635 333.502
96.0486 199.391
176.904 420.784
459.974 160.1
106.054 281.768
269.185 365.603
63.5876 466.389
293.87 171.858
174.033 48.5947
426.43 257.137
349.982 552.717
95.2708 388.502
463.417 372.894
154.9 53.9133
492.64 420.414
317.279 161.429
394.24 213.925
107.141 291.95
187.108 121.905
240.093 465.225
358.163 406.297
55.7179 406.134
139.646 502.439
219.472 223.032
390.572 559.893
224.555 214.398
292.84 180.05
230.95 366.91
273.011 230.975
233.111 400.638
68.8988 124.778
457.542 191.535
93.4452 319.395
272.348 472.184
496.497 392.395
265.265 474.432
276.06 239.207
393.141 504.317
295.564 450.053
192.523 128.939
424 531.42
477.422 332.22
244.382 212.386
412.923 221.545
335.846 484.163
95.4254 255.016
211.137 443.94
108.518 389.744
203.996 448.732
305.33 467.42
221.15 204.306
105.802 70.9505
265.344 46.5535
91.8338 136.258
257.015 517.017
39.6913 155.792
395.952 170.447
256.447 511.723
31.8173 443.542
114.293 146.407
236.732 390.384
395.932 262.622
272.523 18.9985
228.544 440.231
336.45 492.23
322.176 396.365
479.525 257.733
190.414 481.485
264.394 392.336
234.782 385.075
187.914 96.1704
402.139 271.144
388.478 498.905
264.494 424.504
248.6 146.464
41.8323 402.707
32.648 455.238
410.092 295.59
123.085 513.835
455.407 235.395
401.36 63.542
77.7529 402.454
251.545 207.308
478.011 232.339
103.765 446.179
357.587 433.096
67.3912 129.646
261.076 567.482
202.543 468.21
307.222 173.936
79.5092 512.777
456.327 131.736
422.567 153.545
115.315 212.941
456.978 453.87
223.401 91.4869
427.106 485.62
387.198 239.907
285.395 502.033
268.24 82.5194
244.264 53.6644
440.933 509.783
409.014 252.482
342.142 550.947
227.6 380.792
183.334 487.165
194.861 456.512
213.106 455.439
47.1462 278.144
205.784 481.344
394.136 205.131
264.456 352.446
291.085 577.73
235.858 449.175
444.872 240.75
103.553 481.648
223.59 378.223
15.3289 374.979
458.849 343.09
81.0431 141.027
5.9803 308.11
376.958 207.072
183.701 461.882
386.827 463.968
271.516 526.525
229.916 213.543
156.812 377.896
196.681 171.686
278.434 381.781
47.573 179.853
261.592 239.953
108.476 230.468
385.06 96.5304
82.6377 394.198
247.381 200.497
144.311 541.265
307.084 571.966
276.538 526.509
481.445 224.449
225.276 372.386
82.6233 404.721
404.425 307.591
262.194 573.011
299.834 454.65
434.444 121.297
208.246 71.1618
415.669 505.828
139.227 83.2607
439.881 113.485
352.848 437.581
269.049 463.119
219.833 217.058
437.704 242.906
444.314 183.469
378.907 51.1362
142.618 546.507
297.327 575.317
497.012 382.063
284.055 577.54
464.116 208.225
237.584 110.132
97.0354 134.331
422.69 121.658
289.324 448.281
398.554 535.633
410.854 473.914
396.964 89.0239
97.9071 484.886
440.778 149.166
450.487 449.397
100.747 146.481
232.519 114.81
389.826 509.413
107.413 146.489
399.959 188.073
177.333 482.599
95.3893 229.243
101.934 448.514
136.155 60.0126
30.6289 405.498
151.399 400.209
97.313 490.018
277.787 116.603
62.0262 399.041
222.229 436.284
245.941 87.4078
261.5 232.131
422.298 481.583
244.511 420.348
110.171 212.702
70.3035 136.919
385.436 272.902
40.634 172.516
358.939 159.164
377.963 230.94
466.139 257.16
391.607 331.609
36.6949 273.935
189.945 119.561
390.46 166.964
264.735 413.394
147.639 512.3
227.486 208.768
111.442 263.034
398.171 472.427
275.251 367.221
388.211 335.941
215.04 236.219
189.074 50.7035
368.324 176.005
383.406 91.7889
91.7613 367.463
244.686 441.256
418.808 536.752
148.866 529.238
37.7233 295.07
261.436 477.906
261.218 483.454
386.397 277.946
93.7132 398.607
221.601 469.12
89.3763 527.86
93.1779 78.3696
311.138 168.776
178.251 562.914
96.4874 450.571
393.758 278.597
363.193 160.029
600 600
117.235 229.161
200.992 117.251
89.7965 280.801
301.653 504.561
375.206 564.21
76.1627 142.362
429.951 225.437
293.332 527.768
460.56 232.118
134.988 66.1595
320.115 498.659
283.352 119.833
236.101 93.0671
311.801 573.542
236.895 461.181
201.187 182.148
180.706 48.7745
307.141 498.523
55.9903 281.235
28.9263 293.684
32.3937 411.279
119.857 71.3085
313.945 522.678
0 600
89.2642 485.98
424.902 263.535
105.912 398.412
473.854 257.51
86.0519 92.2035
129.372 178.591
202.308 178.509
420.791 236.255
131.631 187.009
383.714 336.657
185.49 550.634
57.6242 402.262
89.5452 315.612
203.811 551.763
103.921 329.853
181.43 177.49
421.744 97.7277
342.347 477.545
476.009 214.649
17.0572 427.204
272.298 400.505
209.843 526.31
282.629 26.6935
244.384 65.91
476.671 447.618
261.403 221.836
233.697 457.136
411.555 539.895
409.296 276.188
70.7453 449.407
232.469 230.32
117.296 218.711
414.377 481.512
251.015 106.431
216.794 133.203
115.478 535.132
53.1221 300.445
404.596 193.429
55.0423 456.826
244.526 206.255
302.75 178.058
79.3716 488.282
263.151 24.5022
185.136 481.373
392.636 459.495
262.404 141.224
410.079 241.479
181.948 505.112
457.163 248.172
108.356 372.729
273.422 50.5933
377.983 335.555
16.3512 390.471
194.12 67.1838
328.93 544.547
424.599 525.038
264.562 355.55
398.481 319.705
404.405 75.7698
252.51 95.7316
225.156 202.478
190.719 491.261
63.8496 282.487
53.3258 402.63
461.229 252.213
402.702 539.329
98.6641 236.863
146.655 560.134
260.302 43.6797
75.1034 178.932
384.938 455.23
287.381 95.5822
458.213 398.085
7.5998 336.287
117.48 331.187
13.3796 343.608
87.116 146.468
327.723 34.0583
447.6 124.901
105.138 305.47
486.6 328.98
195.709 58.0154
191.929 169.069
61.5755 405.683
385.519 265.908
430.157 477.936
433.602 157.489
328.411 552.619
208.493 545.347
457.958 374.106
93.5026 447.134
224.635 128.731
271.816 226.782
208.66 462.727
79.7239 181.232
446.319 459.41
314.366 464.462
195.439 481.912
261.617 560.401
127.587 508.211
421.856 243.683
272.311 405.471
182.316 509.26
103.888 488.377
366.646 560.341
421.426 89.6419
189.295 468.555
78.5855 118.399
210.367 536.859
328.709 558.33
100.395 327.252
439.549 480.51
460.642 382.684
265.192 388.441
214.094 481.458
437.965 385.37
41.5907 291.219
436.63 255.972
388.763 322.623
132.763 79.7564
409.509 246.977
309.888 498.517
244.084 78.9951
44.1035 176.185
49.1329 292.683
108.421 311.607
439.522 180.823
481.778 218.333
466.826 175.958
418.715 128.677
431.612 188.377
183.271 414.024
208.333 87.7134
379.697 188.068
369.296 190.584
187.701 399.856
9.98718 298.553
196.721 180.439
95.2853 146.484
226.463 446.751
260.137 526.555
109.539 269.462
112.535 72.6033
264.318 345.397
239.765 221.078
382.751 166.065
78.7796 291.535
484.608 280.955
191.56 496.399
270.984 242.32
3.24212 324.624
254.951 87.6171
226.416 472.999
228.223 141.875
23.2918 386.176
360.535 418.837
385.926 55.1826
451.982 464.536
183.349 392.442
253.371 133.44
28.5465 278.089
457.854 137.878
353.726 383.135
409.006 302.525
461.569 450.54
220.181 200.023
95.8389 372.161
379.567 225.57
393.616 326.37
325.228 464.699
201.895 530.208
86.8182 246.815
502.568 348.249
387.206 262.678
501.107 366.178
378.053 162.165
345.374 39.5113
483.952 261.342
244.346 407.635
502.362 396.452
187.431 164.74
277.666 133.19
343.118 429.955
396.358 554.643
