392.54 459.067
306.192 522.231
131.226 39.1846
382.074 458.528
380.719 233.667
239.3 461.28
308.641 18.5001
393.841 278.581
149.859 585.563
54.8527 456.917
437.185 512.873
443.831 385.687
354.441 555.147
101.122 280.961
54.3078 488.32
272.805 451.387
178.98 12.3424
424.245 269.929
134.164 498.608
67.4176 464.267
263.206 9.21893
379.591 225.549
271.497 526.459
97.5481 134.312
272.265 472.24
261.648 342.26
13.8065 292.135
317.193 161.335
408.911 99.7607
192.713 129.005
495.895 366.559
116.509 479.846
484.925 441.765
232.905 457.731
415.255 291.731
229.633 479.26
119.248 51.3531
198.727 567.895
437.382 477.365
191.893 563.686
216.737 538.885
358.735 159.108
101.061 366.246
377.762 173.643
269.187 365.608
129.322 178.59
126.499 559.555
45.8643 481.161
253.665 146.581
279.667 22.8065
386.927 464.045
260.75 527.555
257.398 95.4684
187.925 569.622
105.983 539.594
223.884 535.509
328.956 544.52
326.439 502.471
58.3538 112.146
224.009 522.507
168.582 581.602
400.291 469.52
95.7626 259.619
108.002 136.423
236.807 341.784
112.572 57.9067
140.634 83.6723
95.168 388.783
343.23 430.077
299.733 454.547
123.57 568.866
461.129 336.925
302.074 498.52
247.377 497.75
43.3154 407.206
411.185 226.294
117.668 229.081
263.638 242.376
231.44 239.821
79.2148 95.0628
126.121 41.8795
77.6026 402.442
71.6301 489.882
48.0923 402.494
106.389 187.409
232.334 50.7079
244.163 324.598
251.488 321.646
108.521 389.755
482.534 332.778
261.107 112.32
93.6594 398.611
412.409 539.796
246.084 532.389
387.208 239.911
245.278 46.9262
205.253 481.418
97.3313 490.093
95.6061 278.141
368.332 175.979
303.221 18.4666
392.527 84.7279
181.877 509.11
209.667 532.919
170.466 426.256
108.47 384.628
366.937 158.044
333.896 543.402
168.388 574.495
123.034 513.954
342.27 488.137
179.324 388.116
156.154 439.571
299.26 165.798
208.918 591.117
257.506 516.342
95.2184 205.112
213.237 91.0746
70.186 449.518
219.772 143.851
399.656 203.424
251.47 212.417
23.38 164.055
151.544 518.194
436.087 249.178
264.423 580.886
248.603 146.457
96.2018 199.287
30.3617 188.039
251.768 507.909
339.434 380.476
251.048 201.798
307.293 173.858
335.81 484.158
191.274 583.109
215.291 485.561
461.938 450.254
37.0677 411.264
357.466 403.169
302.729 178.069
268.496 82.465
221.295 204.343
317.145 164.769
465.694 211.97
293.858 460.011
3.34601 311.714
388.141 335.985
437.923 385.347
422.521 153.55
112.661 326.107
145.961 49.974
445.328 240.635
261.659 497.947
230.086 42.3392
502.5 355.135
236.961 150.795
30.6626 450.99
142.295 46.2136
393.443 326.613
353.739 155.989
326.698 415.239
217.644 112.525
223.402 91.5517
415.552 505.773
287.831 495.128
420.697 519.236
314.337 464.467
458.069 374.037
345.372 39.4715
259.453 43.4367
376.972 207.078
222.868 515.103
446.843 125.012
312.106 506.284
196.486 62.2656
58.1555 143.489
136.538 40.7196
190.428 481.53
483.878 261.267
295.939 99.9565
207.443 90.4801
404.397 289.176
37.9737 287.617
382.508 564.415
74.4172 143.057
23.5096 171.364
37.5104 294.959
374.176 50.0326
202.396 468.281
108.714 317.347
395.628 170.321
95.852 372.194
183.37 487.061
168.981 379.49
348.919 374.891
328.006 566.138
50.9289 407.661
463.394 372.921
473.852 257.5
372.827 210.226
397.747 81.6133
159.33 52.3532
273.249 50.5789
357.413 425.95
399.825 512.659
463.16 164.207
241.63 73.729
448.675 191.432
103.312 481.721
402.129 271.156
335.404 420.128
117.178 191.323
218.669 533.351
105.355 335.614
111.71 477.777
288.889 123.255
206.858 59.1414
222.253 436.273
61.6713 399.2
261.402 221.764
393.849 219.087
304.514 513.996
375.546 160.027
195.065 95.7265
244.824 517.309
45.5444 123.387
270.747 39.6983
220.637 542.916
436.428 247.244
252.181 95.8251
100.5 327.374
62.4958 488.574
213.852 454.425
222.629 246.794
17.3984 380.477
240.588 465.287
288.969 380.803
91.7795 136.419
399.412 297.526
114.667 146.286
413.004 84.4419
391.569 236.801
270.103 49.8507
199.366 587.529
396.092 505.572
397.206 275.694
428.164 181.728
236.348 567.634
18.5478 343.713
245.108 87.0425
107.417 146.514
453.642 471.828
470.465 178.109
84.525 283.122
264.848 458.868
229.216 537.528
133.254 552.352
235.693 449.199
226.031 482.783
260.146 86.9854
12.9738 396.717
123.27 61.3398
176.632 482.753
207.126 115.87
43.5094 136.924
299.352 461.169
350.661 552.77
463.99 392.842
147.691 512.395
167.834 568.405
213.31 90.9098
354.347 151.382
186.756 395.636
249.49 438.163
407.02 229.413
42.989 298.511
12.0711 367.859
181.885 505.324
103.804 54.8595
266.796 35.722
106.853 262.627
348.339 433.51
251.27 106.957
148.504 411.108
33.6297 442.953
244.428 212.227
423.855 225.692
268.683 409.253
193.69 551.622
264.556 531.201
100.112 187.522
488.992 264.898
412.93 221.562
261.613 240.085
395.546 509.811
117.4 218.843
81.7495 146.404
435.079 381.051
176.494 166.686
291.601 577.712
207.923 188.837
199.787 530.345
406.763 74.3104
138.336 76.3324
304.287 458.389
293.983 500.641
187.98 96.5916
377.927 230.819
244.899 555.772
79.8621 108.452
492.739 412.961
357.572 433.19
449.318 183.513
95.6761 539.788
285.65 501.702
52.191 179.539
237.662 61.7637
236.444 351.435
385.227 193.165
181.972 390.515
155.902 54.6606
200.87 59.4965
177.012 420.689
227.907 473.356
337.68 373.435
198.174 500.055
195.258 91.2688
7.41744 335.269
0 0
91.6573 305.152
261.295 483.28
234.784 385.096
93.3841 187.573
200.214 495.014
31.6208 283.448
76.273 521.56
255.883 26.6937
123.505 334.358
470.603 170.108
385.442 55.1289
424.572 525.025
100.943 539.452
141.323 508.654
439.437 479.947
244.789 441.084
232.376 217.949
209.781 488.322
324.533 497.818
102.723 136.549
286.578 577.567
392.357 538.862
251.4 112.516
289.095 374.378
426.439 157.257
262.437 95.2889
459.48 160.179
35.8093 438.698
390.011 316.991
148.932 430.522
30.6281 405.508
449.097 388.505
215.302 237.466
287.915 526.404
244.358 407.725
195.261 481.711
159.749 583.478
455.315 235.52
396.516 301.624
330.006 418.99
111.271 337.176
197.505 572.712
422.021 243.666
481.276 216.843
362.437 46.1903
502.558 362.814
244.579 271.053
438.915 157.477
244.374 65.9126
357.492 397.24
148.92 529.071
398.574 535.613
307.087 571.926
89.8007 280.807
258.294 32.2457
272.51 91.2032
238.955 80.3996
87.0641 246.855
244.355 53.5083
196.967 525.547
434.966 150.684
226.411 446.687
37.707 184.305
248.689 275.286
410.208 515.415
192.09 8.1945
416.888 288.837
276.538 526.524
285.81 532.713
335.572 386.675
106.052 281.747
457.548 191.52
109.109 304.509
229.273 91.2742
282.746 27.292
227.521 208.774
81.7408 297.772
600 600
208.604 86.6679
87.4145 98.1253
15.4745 375.074
385.185 455.107
405.297 219.417
120.892 188.456
461.218 252.224
308.94 485.627
97.1846 323.078
325.378 400.825
417.81 229.898
276.047 239.235
231.713 570.23
479.107 287.75
122.327 222.44
382.702 221.61
491.398 333.497
492.552 305.425
139.66 502.411
492.264 300.474
223.495 378.241
108.392 311.476
135.763 68.8958
339.258 39.4943
486.716 329.053
92.5158 291.955
57.454 178.795
191.492 496.482
484.94 370.902
466.794 205.037
480.542 446.719
244.512 206.232
290.561 30.2145
162.392 573.658
379.188 498.591
337.417 425.325
83.7543 74.9655
109.82 488.497
115.672 484.721
20.6706 291.018
251.488 214.213
198.663 483.819
85.2927 68.2236
113.017 73.6835
261.531 560.395
336.61 492.129
473.51 377.398
427.799 150.169
225.451 240.965
89.3594 315.426
436.821 110.433
311.35 475.916
311.35 512.801
115.605 137.017
240.207 548.157
243.436 469.485
184.801 586.071
417.453 255.769
139.34 550.072
450.634 246.015
389.776 531.976
418.25 221.451
376.934 167.406
278.333 584.45
92.9477 491.233
422.305 474.029
27.1098 445.457
197.075 180.466
236.699 106.129
421.493 280.41
460.915 382.42
410.003 295.696
496.776 381.339
35.7475 274.268
277.666 116.592
245.005 228.285
377.685 227.836
28.8266 147.055
74.4909 287.475
434.934 126.332
98.0131 236.624
484.718 280.84
409.513 246.966
337.944 546.927
458.288 398.126
383.57 336.651
245.742 254.821
322.174 396.377
262.071 33.7119
111.58 263.318
421.793 383.504
291.611 91.1421
187.719 400.114
395.943 61.3301
215.204 64.2406
358.027 406.078
244.857 202.149
422.477 98.0356
200.942 117.282
483.676 377.663
122.345 224.569
391.177 55.9406
483.68 291.385
262.36 141.18
279.52 95.3869
497.943 386.929
264.452 434.195
37.0415 405.502
70.8647 283.986
331.73 500.42
121.321 46.3721
0 600
281.705 526.541
496.443 392.346
264.734 413.397
246.746 330.2
144.323 540.708
119.285 518.948
256.359 523.494
183.449 392.545
396.147 262.615
24.5864 386.091
251.454 222.423
456.228 131.557
394.056 530.396
244.515 420.347
229.23 33.7375
84.8505 488.539
230.27 53.5013
401.315 292.865
491.056 366.657
232.642 545.819
384.395 97.4951
415.371 240.126
444.11 183.481
388.248 498.791
293.915 171.771
133.06 80.1196
488.98 430.394
387.587 87.3477
254.983 87.6888
227.201 149.767
33.1233 139.04
272.301 400.508
221.264 588.156
102.319 291.52
479.543 281.577
329.037 388.456
156.43 378.331
357.449 388.155
240.847 564.355
236.987 539.497
233.539 116.901
261.543 227.064
438.358 128.95
44.3158 476.576
374.572 191.583
254.457 46.3727
129.078 191.983
67.9989 146.426
379.967 96.2378
6.69899 307.33
250.548 258.509
293.575 24.5122
304.524 508.301
409.018 276.609
115.909 534.822
438.905 377.552
420.507 510.422
100.118 377.2
70.2255 402.721
224.209 128.852
409.117 302.409
117.609 331.292
472.63 341.134
31.3033 411.319
274.821 535.303
112.926 300.261
431.382 381.205
271.87 226.848
424.673 239.056
268.68 396.744
189.801 459.821
3.53305 318.609
146.363 535.777
89.1654 456.86
315.668 485.188
76.6641 105.952
244.215 259.413
360.525 419.04
23.6093 181.566
410.065 241.505
404.388 193.836
41.9099 402.67
37.6821 456.928
108.97 230.206
377.482 327.764
95.4271 255.03
266.662 8.94392
69.9585 510.242
99.7573 398.475
112.406 63.9928
452.818 126.376
72.6699 514.788
188.639 92.026
50.2832 485.314
162.198 579.057
294.532 449.178
251.927 520.612
226.235 112.508
89.2392 232.098
497.558 339.499
225.998 580.086
328.665 558.447
468.624 166.871
392.117 229.918
386.423 277.967
245.413 489.627
16.8034 426.718
101.787 266.453
144.012 546.19
22.5091 405.57
172.37 16.788
403.062 515.478
314.827 159.61
404.892 471.685
110.108 212.707
266.568 133.263
414.369 481.497
76.4097 464.655
96.6775 450.214
236.471 526.727
151.421 400.129
389.855 509.435
212.676 533.438
319.552 464.504
148.598 405.016
317.034 573.551
189.164 468.56
442.298 249.418
155.12 27.2974
57.3047 402.455
320.296 498.582
244.501 425.867
196.317 468.494
402.391 505.522
275.464 487.579
82.2895 404.732
457.122 453.878
123.354 563.594
236.993 404.58
273.702 80.1664
295.08 499.199
157.704 21.3108
324.132 30.0384
251.289 546.701
108.328 372.655
424.452 276.156
265.232 388.42
305.377 467.445
187.35 122.564
416.709 101.569
389.844 93.1782
32.5702 455.859
103.683 488.368
23.1987 382.906
492.566 320.62
294.939 18.5827
474.791 366.373
201.339 522.225
431.324 385.785
201.054 182.065
108.906 55.3735
361.831 153.57
370.837 104.693
204.727 531.632
244.617 434.423
253.587 116.739
390.891 559.722
187.11 500.282
80.4504 462.436
491.867 324.21
264.994 131.585
477.245 332.375
115.303 212.947
415.689 96.1122
281.207 381.61
276.394 234.675
492.321 426.397
184.064 467.616
421.642 88.7213
272.975 467.255
353.028 437.726
451.272 490.154
228.612 516.604
107.046 219.175
375.74 564.399
174.169 387.056
236.254 362.897
470.445 336.431
56.193 405.934
123.199 574.813
216.582 86.4629
62.1808 146.453
261.117 531.561
151.677 387.992
383.394 509.322
21.0986 416.648
457.991 137.919
90.0835 401.726
420.877 236.227
208.857 182.13
296.926 575.636
471.308 212.745
218.32 91.3132
96.4727 211.66
207.258 526.654
213.857 62.5507
281.555 577.421
436.609 256.078
368.868 165.505
188.551 509.469
427.127 219.159
236.584 101.185
309.888 498.517
122.177 178.644
26.916 346.87
200.333 71.4455
247.47 512.569
250.004 225.288
77.0637 529.971
82.7561 242.681
328.411 552.586
257.53 264.139
396.795 89.2237
401.551 477.475
4.0044 331.048
97.3695 485.112
3.37535 324.791
50.3722 293.412
127.949 553.827
200.88 96.6542
293.147 455.894
276.488 495.637
448.326 157.485
463.34 191.323
287.081 486.103
380.847 324.657
264.892 587.476
454.368 377.395
85.5 459.956
454.325 183.572
130.745 579.093
230.364 137.358
211.079 443.961
464.3 207.732
437.615 242.946
301.704 568.853
444.726 454.853
186.762 8.64964
24.1438 158.963
395.221 213.612
134.495 181.168
155.463 382.583
327.852 34.1895
446.78 474.476
379.136 50.7508
249.122 500.275
234.102 54.506
281.902 128.981
269.249 446.143
236.704 390.001
401.223 77.5367
214.328 481.328
114.217 180.997
280.673 535.471
93.071 453.725
196.244 578.69
280.834 87.1198
107.005 291.886
424.155 531.19
427.305 485.605
53.9999 136.081
272.987 230.943
212.409 185.652
395.742 235.243
112.403 320.471
353.789 383.332
261.433 477.652
272.721 133.549
203.546 489.407
216.268 440.796
75.088 178.875
84.3334 449.413
217.17 17.8593
492.501 312.815
393.34 178.995
225.136 202.368
392.346 186.163
360.448 410.262
287.246 87.7539
233.104 400.671
66.2111 175.71
385.552 265.625
53.3526 402.598
243.47 339.61
385.131 197.158
119.718 57.5018
187.15 575.021
317.115 505.384
251.398 329.457
471.295 449.357
95.8389 229.183
492.518 420.506
460.356 232.088
109.639 184.241
389.798 210.531
410.393 505.489
440.815 113.832
276.243 44.1633
114.27 343.499
379.612 102.411
209.099 71.5262
51.9736 139.895
257.534 504.611
404.647 307.176
120.58 71.2595
242.957 406.023
159.699 45.0966
73.1669 116.855
356.756 438.51
409.493 473.85
216.492 453.419
243.281 146.533
255.74 532.544
263.423 125.844
183.849 554.88
252.908 267.444
212.01 191.749
332.828 496.404
263.498 146.04
42.6268 274.762
257.261 137.62
148.469 425.985
93.5577 447.165
432.468 221.128
27.2893 154.262
264.661 441.595
197.326 8.8813
64.7782 112.873
483.174 336.545
31.1368 436.371
240.554 67.5235
279.71 500.517
270.922 242.329
275.234 367.21
87.7153 494.677
196.487 504.319
246.594 319.142
128.304 72.8463
396.685 547.061
186.945 410.068
433.671 195.073
115.914 271.905
192.106 169.224
369.289 190.55
265.339 474.409
429.589 121.479
265.627 526.958
265.582 46.6297
293.097 527.568
272.302 589.084
276.422 50.0064
183.739 461.836
164.633 435.434
372.747 183.657
476.582 447.598
454.083 157.481
10.3987 298.344
103.888 329.803
501.176 366.125
452.638 465.287
84.0123 86.8635
251.761 334.907
418.322 260.666
84.8665 110.372
393.742 205.029
183.194 163.392
264.362 392.275
216.576 133.3
85.3277 233.368
324.256 573.647
108.278 396.465
325.259 464.713
387.31 262.664
327.654 493.639
479.308 257.653
408.42 274.865
116.579 307.394
86.5636 92.4192
466.392 257.26
468.719 380.913
215.91 231.2
215.585 476.406
49.5349 469.097
219.082 374.639
396.255 554.853
103.474 197.841
244.518 484.849
478.501 337.505
62.9553 467.128
470.585 286.484
314.84 522.57
95.9322 383.652
302.426 484.555
91.752 367.472
184.82 550.593
13.2126 343.604
466.261 343.623
157.963 588.832
441.235 116.918
417.317 249.734
350.394 39.483
324.989 476.003
303.38 568.673
244.565 72.0847
311.653 573.537
187.32 164.664
104.718 368.62
251.544 207.265
251.563 539.849
189.538 180.272
337.171 382.834
273.351 386.234
271.864 12.332
188.277 559.158
80.0426 118.653
79.0518 291.821
277.671 133.187
83.0496 394.38
198.122 557.861
320.021 25.768
228.591 440.301
429.114 262.494
292.493 531.934
21.1417 355.03
385.431 273.045
401.252 229.435
460.242 343.304
445.542 146.589
100.748 146.475
152.999 39.2606
148.531 417.691
76.7752 449.545
377.341 502.981
131.621 187.049
287.49 95.5884
394.174 543.234
219.841 217.022
264.495 424.504
7.55155 301.516
228.443 543.446
41.5194 460.349
429.361 103.697
261.392 573.717
446.762 377.537
422.661 121.944
21.111 431.407
241.123 445.066
235.869 519.026
264.319 345.405
222.001 469.197
280.708 485.348
232.522 236.28
221.643 21.8597
486.202 272.119
472.36 235.459
406.559 481.238
27.5935 280.895
292.814 180.044
41.0413 290.926
112.801 283.322
460.622 388.374
256.634 337.722
31.3292 275.603
234.281 84.4773
171.941 588.284
267.781 216.244
400.443 315.529
379.748 188.07
452.973 391.886
191.308 405.277
450.337 449.36
236.574 356.707
152.906 438.918
230.988 366.853
7.9452 342.614
166.4 429.074
113.906 477.571
261.495 232.132
256.128 511.229
63.7667 282.454
253.969 125.379
112.533 448.22
487.961 295.621
319.97 481.026
502.568 348.228
210.58 133.446
241.017 263.424
95.2853 146.486
298.251 178.862
119.842 528.409
403.596 177.778
435.589 260.977
262.142 213.635
239.978 111.131
212.115 14.2717
272.308 405.479
296.342 93.0088
343.962 372.122
200.417 562.994
122.929 342.925
264.455 352.452
110.241 443.176
75.7637 146.399
264.567 355.559
72.3193 96.9978
415.517 518.06
396.34 309.567
395.619 197.484
80.6743 498.689
464.616 449.547
422.205 481.587
215.177 590.146
80.0102 80.517
325.41 392.538
382.819 166.109
90.6882 536.717
304.534 519.373
16.5446 421.758
65.2906 504.321
269.904 532.682
165.448 18.4022
93.4268 59.4327
17.3146 388.921
236.101 92.3396
311.158 470.709
462.46 183.294
127.354 509.194
240.677 531.97
401.546 254.489
25.89 414.669
453.442 145.28
447.482 484.826
264.781 455.102
289.248 448.83
224.46 214.497
86.4995 299.257
151.214 31.981
109.386 269.332
76.2378 389.951
407.876 84.461
310.398 158.371
404.671 280.64
204.102 11.8099
417.934 128.35
66.1271 139.77
87.3153 311.94
142.891 584.133
226.238 85.8821
372.842 213.699
479.534 366.919
502.213 341.96
66.1522 452.754
433.595 157.515
405.302 69.4853
29.2454 293.769
388.947 454.358
250.26 19.5383
38.91 137.653
281.602 373.166
103.394 448.297
325.564 471.816
211.106 112.527
301.663 160.281
167.451 374.071
190.922 491.521
162.004 373.478
456.875 247.937
470.261 192.403
481.589 224.447
52.0312 300.584
430.924 225.199
183.261 414.026
86.952 116.08
431.553 188.289
422.199 186.353
223.99 485.175
219.48 223.012
422.867 129.507
62.2907 405.647
428.15 129.688
60.0997 454.653
254.069 550.38
440.686 510.124
188.95 119.268
177.96 163.918
176.745 172.515
442.117 195.633
370.271 46.634
202.113 178.36
208.891 462.473
355.652 39.545
244.546 414.112
392.835 313.125
69.0744 395.437
232.503 224.69
199.992 452.397
227.547 380.752
392.164 464.59
390.217 166.846
424.929 263.499
444.117 504.719
442.122 450.257
471.409 367.795
251.2 128.705
204.142 589.323
446.349 459.443
303.584 159.696
226.281 572.509
378.183 201.644
57.9695 468.467
475.769 215.109
227.508 452.932
225.807 27.1216
418.23 473.359
228.461 141.728
311.585 498.499
430.025 253.829
342.895 551.407
434.408 121.404
179.233 593.835
472.175 281.652
279.412 371.984
487.668 435.334
87.1161 146.467
403.818 188.299
12.857 359.165
372.335 98.8334
111.842 295.72
264.45 418.183
195.313 121.48
86.046 138.44
46.6629 181.12
85.1537 532.797
440.245 149.608
335.389 36.3723
331.034 489.934
252.919 132.997
502.539 405.052
86.3242 187.227
426.821 518.616
261.1 553.516
242.101 216.655
477.824 232.274
230.673 148.1
150.134 54.0748
93.0269 219.12
219.377 227.372
278.995 14.8839
202.81 133.281
49.561 460.581
181.502 177.549
49.7358 115.215
93.4485 319.394
218.793 519.6
426.774 256.959
110.799 539.072
311.362 168.546
105.994 398.388
23.4637 176.39
429.063 477.851
307.141 498.523
199.864 129.664
104.535 445.06
339.889 480.128
79.7597 181.314
301.773 504.578
266.32 91.8045
221.667 453.597
402.136 84.6725
307.261 480.435
442.782 477.247
283.343 119.813
352.756 378.685
600 0
217.627 71.1791
325.547 405.995
447.141 499.241
46.6941 277.984
391.611 331.654
400.143 219.556
502.348 396.376
192.224 65.6811
219.964 200.011
481.278 230.938
151.538 391.188
196.656 171.625
261.49 567.488
264.455 114.827
403.036 64.223
308.3 460.591
422.563 515.246
219.884 241.892
377.975 335.542
325.476 411.686
393.43 504.533
473.432 199.458
98.7798 54.8451
398.632 319.527
402.464 539.294
89.5096 394.422
388.757 322.621
84.9586 290.713
322.883 505.482
184.92 481.35
59.0662 137.263
89.0298 63.8454
116.691 142.924
261.06 492.174
247.733 494.568
247.879 476.357
82.4261 142.384
110.627 191.679
434.282 180.342
229.929 213.579
69.6101 178.282
103.515 235.614
232.47 230.321
383.217 91.6883
420.012 84.7315
106.011 449.616
79.0404 488.306
468.218 236.788
430.976 484.509
403.644 261.035
398.508 178.468
283.265 492.311
203.823 448.846
377.767 216.977
244.518 59.6486
128.128 502.406
361.13 559.312
236.271 396.423
55.8858 281.209
195.067 456.402
25.2843 436.375
48.4689 132.372
229.144 524.227
12.5837 400.574
71.7042 498.063
314.379 22.3509
96.5321 294.574
225.415 372.347
267.97 359.049
268.951 223.985
343.959 483.527
101.311 219.615
233.34 132.587
467.415 180.576
269.049 463.116
215.681 469.184
108.512 379.539
491.953 374.335
17.6334 405.045
137.85 580.814
151.225 524.306
257.574 488.112
255.711 14.0395
270.251 116.725
478.603 377.47
112.742 276.713
431.97 517.712
499.956 407.138
435.592 105.213
89.3184 485.897
128.527 66.5404
367.458 560.391
239.774 221.083
105.144 305.616
399.608 187.733
409.005 252.493
378.004 162.198
201.735 86.7661
244.59 78.758
317.938 518.722
450.803 237.577
439.419 180.79
418.255 537.132
278.473 381.76
95.5919 249.752
94.7492 243.362
247.509 200.494
362.975 159.901
246.988 100.307
401.641 173.093
