50
242.494 246.559 229.945 0 1
199.751 18.7342 -0.0398643 0 1
216.586 0.116861 208.19 0 1
111.38 240.904 0.0599967 0 1
95.1525 248.46 83.6585 0 1
98.3182 51.9303 -0.210843 0 1
213.596 -0.0290652 132.087 0 1
126.056 -0.162689 205.17 0 1
79.5246 -0.172195 190.897 0 1
76.7212 230.184 -0.126733 0 1
149.273 67.4092 230.06 0 1
-0.19792 146.215 110.237 0 1
248.526 43.6298 140.792 0 1
139.271 248.415 1.54855 0 1
-0.0974803 103.206 85.0248 0 1
54.9168 -0.201341 120.945 0 1
248.387 96.1526 123.869 0 1
63.0589 11.8597 229.865 0 1
98.8556 171.232 229.992 0 1
248.22 134.632 138.186 0 1
63.3016 248.304 194.219 0 1
26.0023 2.14593 -0.12508 0 1
99.1813 248.212 81.8493 0 1
168.798 103.085 230.003 0 1
212.18 248.412 45.3686 0 1
143.48 126.542 0.127335 0 1
100.087 248.568 141.119 0 1
0.159492 107.811 27.7851 0 1
209.286 248.487 202.318 0 1
0.169306 194.609 169.737 0 1
170.626 135.976 0.0845226 0 1
157.205 175.644 -0.198241 0 1
13.8451 41.4607 230 0 1
212.712 73.4301 230.013 0 1
122.896 81.1601 230.082 0 1
55.8332 117.769 -0.187901 0 1
102.409 22.2594 0.141905 0 1
122.894 128.949 229.789 0 1
0.053107 121.044 45.1356 0 1
248.558 59.3183 155.197 0 1
48.9929 75.1214 0.148398 0 1
53.5563 0.0762955 224.721 0 1
61.2847 0.613641 0.0523039 0 1
248.318 129.894 229.796 0 1
220.142 0.120269 97.3321 0 1
80.397 104.223 229.921 0 1
0.199899 113.316 161.381 0 1
184.725 126.288 -0.0611164 0 1
97.9933 100.884 0.0591876 0 1
248.493 60.0497 45.7408 0 1
