50
-0.962091 4.29644 3.20013 0 1
2.9798 0.665479 -4.02371 0 1
0.798918 3.34291 3.80502 0 1
-1.34035 2.48727 2.56651 0 1
-0.779099 4.16919 3.43113 0 1
-3.64296 -1.70149 -2.58643 0 1
-0.183306 4.78251 2.89528 0 1
-0.576508 4.31994 3.42079 0 1
1.24531 2.06204 1.58332 0 1
0.931825 4.62641 2.83569 0 1
-1.98197 4.43193 1.89467 0 1
0.175591 4.8952 2.35862 0 1
-0.585039 4.25863 3.48122 0 1
-1.00295 4.6036 1.52496 0 1
-0.396008 4.59985 3.17528 0 1
-1.26098 4.04133 0.911762 0 1
-1.32094 4.671 2.37494 0 1
-0.205472 4.88865 2.17462 0 1
-0.659441 4.71583 2.86942 0 1
0.267546 2.94443 4.35277 0 1
0.814989 1.65597 2.62121 0 1
-0.330295 4.46034 3.37401 0 1
-0.791681 4.79073 1.90392 0 1
0.916285 3.81045 0.809655 0 1
-0.860659 4.2918 3.27629 0 1
-0.665876 3.8261 3.72927 0 1
-0.777995 4.67578 2.87886 0 1
-1.43436 4.69924 1.98157 0 1
0.654073 2.50011 4.07744 0 1
-0.74088 4.44492 3.20183 0 1
-0.901011 3.12717 3.72781 0 1
0.384743 4.43059 1.30036 0 1
-0.866976 4.79913 1.97478 0 1
-1.43272 4.4956 2.5397 0 1
2.1925 4.36668 1.24094 0 1
-1.08955 4.49327 2.88816 0 1
0.773753 1.59507 2.45844 0 1
-0.250799 2.80953 0.589323 0 1
-1.37415 3.52807 3.05786 0 1
-0.714308 4.78918 1.87355 0 1
-0.713128 3.86645 0.857905 0 1
-0.372133 4.47991 1.36377 0 1
1.22629 2.26518 2.52419 0 1
-0.77199 4.74956 2.70684 0 1
-0.855385 4.77765 2.55746 0 1
-0.815444 3.76835 0.79916 0 1
-1.24381 4.46365 2.77729 0 1
-0.334701 4.79837 2.83606 0 1
1.27387 2.83038 3.02403 0 1
-0.792618 4.62158 2.9585 0 1
