0.00605396 0.00360027
0.0117095 0.00496933
0.00292489 -0.0056444
0.018654 -0.00345866
0.0208731 -0.00712699
0.0349622 0.00520127
0.0226514 0.00273598
0.0443469 0.00641652
0.0320264 -0.00785089
0.0536853 -0.00492172
0.0477706 0.00445479
0.0639807 0.00509629
0.0673864 -0.000544755
0.068878 0.00636891
0.0786834 -0.00880306
0.0838299 0.00977294
0.087326 -0.0021897
0.079062 0.000772423
0.0984893 0.00905454
0.0994487 -0.00770074
0.100736 0.00717826
0.0994229 0.00250389
0.100252 0.0167278
0.0960604 0.00802011
0.103545 0.0289233
0.108446 0.0183656
0.106763 0.0262313
0.106452 0.0420934
0.0997256 0.0427598
0.107064 0.0403298
0.0928101 0.0560955
0.10136 0.0583232
0.104819 0.0562105
0.0902899 0.0706163
0.10994 0.0770702
0.0923621 0.0704878
0.0919434 0.0865538
0.0963674 0.0842679
0.103725 0.0803259
0.102273 0.101166
0.100319 0.0952791
0.108403 0.0942299
0.113529 0.0981625
0.108027 0.103066
0.126272 0.0950435
0.133506 0.0939314
0.124776 0.107205
0.131076 0.107853
0.136759 0.109119
0.15444 0.102357
0.143707 0.104111
0.160272 0.0974776
0.165379 0.103348
0.173751 0.0916309
0.174657 0.0937715
0.167267 0.0980068
0.170889 0.0905988
0.185414 0.102092
0.189813 0.10002
0.199397 0.0909473
0.198222 0.107717
0.198974 0.099872
0.201479 0.108827
0.205074 0.107075
0.202 0.124977
0.191185 0.121976
0.206848 0.134009
0.196679 0.137767
0.19255 0.148035
0.190151 0.143856
0.195263 0.155428
0.20595 0.148822
0.204421 0.152387
0.191967 0.169495
0.197981 0.169699
0.191872 0.176798
0.207398 0.170317
0.194859 0.178978
0.190444 0.183389
0.196073 0.192833
0.200019 0.190352
0.205824 0.198579
0.217043 0.198723
0.210708 0.208976
0.225591 0.209213
0.224774 0.208331
0.228376 0.201784
0.233852 0.192014
0.230703 0.196273
0.241172 0.192107
0.241027 0.203219
0.257393 0.199803
0.266244 0.190504
0.263176 0.1902
0.279822 0.191442
0.267419 0.200092
0.270919 0.209937
0.294279 0.199399
0.292596 0.208336
0.302111 0.206854
0.297261 0.193606
0.302447 0.195568
0.307461 0.217454
0.302133 0.219113
0.300152 0.216012
0.296763 0.223723
0.302571 0.234727
0.298522 0.237272
0.307834 0.234066
0.296568 0.250613
0.298385 0.251664
0.29308 0.261943
0.295426 0.266549
0.293096 0.259791
0.292439 0.271056
0.291263 0.275271
0.300944 0.286063
0.308624 0.284206
0.306603 0.285177
0.302574 0.289769
0.303807 0.303483
0.308102 0.301263
0.316854 0.306492
0.313448 0.299638
0.325862 0.304911
0.328301 0.305416
0.335535 0.300855
0.327652 0.299601
0.334895 0.301131
0.339451 0.303238
0.356128 0.293215
0.359167 0.306227
0.350648 0.309557
0.359385 0.291005
0.360515 0.305818
0.377582 0.301763
0.373333 0.308693
0.375172 0.299768
0.398744 0.298911
0.390985 0.295462
0.39465 0.305079
0.397266 0.302934
0.391293 0.303944
0.401355 0.307406
0.391301 0.312749
0.401141 0.331346
0.403843 0.339273
0.397447 0.32984
0.401007 0.345187
0.401435 0.350856
0.404534 0.358367
0.40019 0.350997
0.401021 0.359769
0.398586 0.362409
0.403735 0.370503
0.400571 0.381428
0.409145 0.374727
0.402981 0.379619
0.406312 0.38398
0.405032 0.387826
