-0.00122166 -0.00773919
0.0183746 0.00256813
0.0257372 0.00893185
0.0313877 0.00746208
0.0402316 -0.00500961
0.053375 -0.00536058
0.0583786 0.00420576
0.0666756 -0.00384259
0.0767904 -0.00160924
0.080896 0.00804865
0.102811 -0.000804773
0.100045 0.0114237
0.0936988 0.0130573
0.100168 0.0220594
0.100379 0.0424473
0.108123 0.0565801
0.101391 0.0665227
0.0921094 0.0633638
0.102654 0.084326
0.0945808 0.0863143
0.108688 0.103644
0.0981637 0.109591
0.100887 0.128656
0.095212 0.131452
0.108508 0.149497
0.0916187 0.155325
0.107963 0.166861
0.105509 0.176219
0.0960659 0.174764
0.0914405 0.190623
0.0928504 0.194605
0.0907416 0.208006
0.0995773 0.223629
0.0985995 0.23203
0.107564 0.230937
0.108538 0.249637
0.103462 0.264162
0.104897 0.27609
0.106605 0.279925
0.103956 0.294133
0.104045 0.301213
0.094297 0.315367
0.0989206 0.314798
0.0970699 0.321979
0.0977609 0.331805
0.0967513 0.356959
0.0923615 0.364591
0.103043 0.360892
0.10186 0.383019
0.0945277 0.383511
0.0906269 0.403283
0.104707 0.408077
0.107607 0.412389
0.101042 0.436739
0.102723 0.441435
0.0976382 0.455005
0.105984 0.450792
0.0921784 0.463431
0.104911 0.480336
0.107742 0.494669
0.1059 0.507837
0.100127 0.493978
0.115167 0.508639
0.131321 0.501357
0.144884 0.499756
0.149705 0.49338
0.160131 0.501503
0.177664 0.502911
0.172299 0.499796
0.187188 0.494765
0.194559 0.502235
0.204116 0.495498
0.225035 0.491108
0.221635 0.495403
0.233281 0.50643
0.24366 0.500873
0.25572 0.502142
0.268722 0.505225
0.275647 0.50861
0.294994 0.496143
0.293419 0.504528
0.307066 0.497833
0.302486 0.471365
0.30511 0.466037
0.296839 0.453476
0.297052 0.454022
0.305558 0.436998
0.29437 0.427669
0.30003 0.410664
0.292164 0.407791
0.309504 0.401659
0.294089 0.397803
0.290587 0.389628
0.302815 0.374862
0.306305 0.351988
0.296607 0.342618
0.300362 0.343648
0.302669 0.33369
0.302228 0.324261
0.30787 0.319981
0.308656 0.29615
0.297473 0.298987
0.297284 0.286021
0.302508 0.274198
0.297926 0.253585
0.306388 0.257729
0.29718 0.240226
0.291417 0.233297
0.301991 0.220826
0.295808 0.20768
0.297772 0.191886
0.311828 0.198778
0.326733 0.199057
0.335699 0.208398
0.342018 0.197207
0.359893 0.207891
0.363299 0.206163
0.37842 0.204762
0.389431 0.195227
0.395761 0.198392
0.393806 0.199621
0.400052 0.202976
0.398032 0.221961
0.391155 0.225816
0.409545 0.241894
0.40423 0.259094
0.398803 0.267038
0.409451 0.263238
0.401676 0.288315
0.408467 0.280029
0.402643 0.292844
0.408256 0.313541
0.404447 0.317483
0.392981 0.337074
0.399816 0.336164
0.394484 0.34418
0.39088 0.36415
0.39203 0.371914
0.391907 0.372317
0.401941 0.394448
0.400987 0.394615
0.417735 0.405143
0.416278 0.401803
0.421395 0.405243
0.442464 0.404613
0.446405 0.397278
0.463014 0.39944
0.473157 0.401332
0.483901 0.399705
0.497374 0.392277
0.504382 0.406005
0.51216 0.396118
0.52048 0.398171
0.524319 0.403554
0.536782 0.402375
0.545539 0.398904
0.552183 0.396395
0.569099 0.392493
0.575202 0.406169
0.592704 0.39466
0.59449 0.396764
0.608074 0.389467
0.600166 0.370886
0.597923 0.366287
0.601587 0.358051
0.600937 0.347348
0.597195 0.347548
0.605395 0.329387
0.602064 0.328311
0.59204 0.31753
0.608754 0.308838
0.606836 0.289521
0.607122 0.280267
0.604228 0.268436
0.598703 0.255744
0.601548 0.241982
0.591276 0.249206
0.595159 0.236543
0.609262 0.226699
0.599003 0.204057
0.605558 0.193364
0.596138 0.18989
0.590449 0.189215
0.603921 0.179793
0.603214 0.15682
0.603442 0.154098
0.602044 0.134035
0.593844 0.127262
0.597918 0.114888
0.602149 0.100883
0.608039 0.0917652
0.609219 0.0883285
0.594468 0.0820023
0.602469 0.0790759
0.603586 0.0520185
0.595973 0.0409149
0.591989 0.0421134
0.608567 0.0281289
0.594461 0.0250548
0.600593 0.0137657
0.599639 0.00157628
0.599895 -0.00585589
0.609005 -0.0140797
0.597701 -0.0362877
0.604811 -0.0354598
0.605016 -0.0516227
0.602587 -0.0589084
0.590137 -0.0645576
0.593835 -0.0891583
0.607939 -0.091738
0.594551 -0.102387
0.611534 -0.106239
0.625184 -0.103605
0.636941 -0.109081
0.637672 -0.105261
0.651393 -0.0916382
0.655172 -0.103922
0.675896 -0.100824
0.680108 -0.101927
0.692671 -0.0989151
0.696164 -0.0908692
0.698107 -0.0999176
0.699853 -0.0837907
0.691846 -0.0743095
0.707274 -0.0529615
0.702629 -0.0440761
0.691692 -0.0401254
0.691509 -0.0298807
0.697568 -0.0160726
0.693099 -0.0122629
0.706651 0.00356731
0.695429 0.0112607
0.701771 0.0294537
0.699069 0.0313291
0.703952 0.0496973
0.69614 0.0522159
0.708468 0.0641917
0.699825 0.0657888
0.695468 0.0752284
0.705016 0.092067
0.700804 0.0975295
0.690721 0.114507
0.702671 0.120819
0.70485 0.128139
0.709694 0.148057
0.702008 0.148686
0.706089 0.162461
0.69493 0.160769
0.699519 0.186452
0.690159 0.19336
0.707262 0.205622
0.718621 0.190568
0.726335 0.20088
0.731698 0.205912
0.743185 0.201885
0.753439 0.20819
0.768572 0.20488
0.779528 0.207082
0.773272 0.208088
0.793631 0.206596
0.790237 0.207751
0.801759 0.204492
0.798805 0.227969
0.795254 0.225817
0.796624 0.24745
0.80304 0.248654
0.794884 0.256301
0.793752 0.260228
0.802505 0.285979
0.80838 0.281491
0.794885 0.305537
0.804035 0.318303
0.792846 0.327277
0.809482 0.337347
0.80741 0.334948
0.793053 0.344887
0.796001 0.357606
0.793567 0.37651
0.805741 0.382263
0.794882 0.395962
0.809418 0.408449
0.794707 0.41122
0.809794 0.417814
0.808296 0.425908
0.797844 0.441896
0.797649 0.454191
0.800572 0.461172
0.806847 0.477273
0.804025 0.478534
0.794143 0.489622
0.807117 0.50029
0.801441 0.513039
0.791911 0.527842
0.791773 0.526715
0.805963 0.533142
0.795421 0.551382
0.802361 0.561075
0.795285 0.575691
0.79309 0.571865
0.792141 0.582944
0.801339 0.606662
0.800409 0.606302
0.808378 0.629401
0.795045 0.630595
0.800627 0.648091
0.800197 0.648853
0.792557 0.668632
0.800245 0.6717
0.79102 0.684302
0.803844 0.697712
0.796665 0.694028
0.811602 0.692884
0.828034 0.692578
0.838018 0.707326
0.843995 0.705784
0.858299 0.697298
0.850106 0.693934
0.870688 0.70074
0.884555 0.696456
0.884922 0.694385
0.909299 0.701009
0.897453 0.690613
0.902015 0.670114
0.904041 0.662144
0.894504 0.668457
0.890369 0.652726
0.893162 0.64397
0.901281 0.631899
0.907147 0.625835
0.909279 0.612008
0.899858 0.592522
0.902907 0.585558
0.909383 0.572996
0.895638 0.561044
0.893485 0.554201
0.895898 0.555388
0.90481 0.537979
0.908845 0.531096
0.891901 0.520505
0.890527 0.516273
0.891665 0.497401
0.915065 0.505611
0.928901 0.50764
0.93544 0.500482
0.948531 0.499346
0.958566 0.506247
0.956153 0.490662
0.975229 0.504936
0.972534 0.508754
0.985539 0.50138
0.997672 0.500121
0.990516 0.490971
0.990056 0.475313
0.990432 0.467124
0.996754 0.461194
1.00053 0.456609
0.99993 0.443855
0.994772 0.430845
0.995444 0.415335
1.00819 0.401313
1.00914 0.407238
1.0085 0.387177
1.00648 0.384405
1.00765 0.363267
1.00105 0.36174
1.00379 0.356538
0.997746 0.337323
0.994447 0.329128
0.996059 0.324951
0.9914 0.316145
1.00923 0.299199
0.998003 0.296301
1.00485 0.276163
0.999457 0.26353
1.00249 0.262979
1.00675 0.2577
0.994071 0.239261
1.00483 0.222556
1.00256 0.223583
1.00569 0.209015
1.00454 0.208112
0.996931 0.191932
0.992461 0.174545
1.00648 0.178477
1.00196 0.154454
0.994058 0.156229
1.00012 0.147162
0.990015 0.139125
1.0001 0.118295
0.99221 0.119393
0.997846 0.0921192
1.01149 0.0935713
1.01652 0.100792
1.03643 0.0907672
1.03424 0.103647
1.04798 0.0912647
1.06076 0.0996512
1.0746 0.103602
1.0787 0.106149
1.09854 0.10826
1.09504 0.107013
1.09384 0.0860707
1.09834 0.0833482
1.10677 0.0794806
1.10749 0.069845
1.09925 0.0447871
1.10746 0.0499304
1.09588 0.0334837
1.09782 0.0128309
1.09528 0.000820948
1.1095 0.00567797
1.10628 -0.000269173
1.09555 -0.0162337
1.10959 -0.0217853
1.09146 -0.0478845
1.10567 -0.0416535
1.09068 -0.0585604
1.09931 -0.0750066
1.09092 -0.0883508
1.10159 -0.0976098
1.09694 -0.0939674
1.10991 -0.10331
1.11541 -0.0907923
1.12653 -0.0973824
1.14744 -0.107995
1.15653 -0.107649
1.15443 -0.10362
1.16549 -0.0952522
1.18291 -0.096512
1.19779 -0.106942
