-250 -250 -250 250 250 250      	

8


-90.0 -90.0 -90.0	

1
6 			

-44.5340 -44.5339 -77.009999	
-23.8676 -71.1051 -71.105151	
-44.5340 -77.0098 -44.534040	
-71.1051 -71.1051 -23.867676	
-77.0099 -44.5339 -44.534040	
-71.1051 -23.8675 -71.105151	


90.0 -90.0 -90.0	

1
6 			

44.5340 -77.0098 -44.534040	
23.8676 -71.1051 -71.105151	
44.5340 -44.5339 -77.009999	
71.1051 -23.8675 -71.105151	
77.0099 -44.5339 -44.534040	
71.1051 -71.1051 -23.867676	


90.0 -90.0 90.0		

1
6 			

71.1051 -71.1051 23.867676	
77.0099 -44.5339 44.534040	
71.1051 -23.8675 71.105151	
44.5340 -44.5339 77.009999 	
23.8676 -71.1051 71.105151	
44.5340 -77.0098 44.534040	

-90.0 -90.0 90.0	

1
6 			

-71.1051 -23.8675 71.105151	
-77.0099 -44.5339 44.534040	
-71.1051 -71.1051 23.867676	
-44.5340 -77.0098 44.534040	
-23.8676 -71.1051 71.105151	
-44.5340 -44.5339 77.009999	



-90.0 90.0 -90.0	

1
6 			

-44.5340 77.0098 -44.534040  	
-23.8676 71.1051 -71.105151  	
-44.5340 44.5339 -77.009999  	
-71.1051 23.8675 -71.105151  	
-77.0099 44.5339 -44.534040  	
-71.1051 71.1051 -23.867676  	


90.0 90.0 -90.0		

1
6 			

23.8676 71.1051 -71.105151	
44.5340 77.0098 -44.534040      
71.1051 71.1051 -23.867676 	
77.0099 44.5339 -44.534040      
71.1051 23.8675 -71.105151      
44.5340 44.5339 -77.009999      


90.0 90.0 90.0		

1
6 			

44.5340 44.5339 77.0099   	
71.1051 23.8675 71.1051   	
77.0099 44.5339 44.534040 	
71.1051 71.1051 23.867676 	
44.5340 77.0098 44.534040 	
23.8676 71.1051 71.105151 	


-90.0 90.0 90.0		

1
6 			

-77.0099 44.5339 44.534040	
-71.1051 23.8675 71.105151	
-44.5340 44.5339 77.009999	
-23.8676 71.1051 71.105151	
-44.5340 77.0098 44.534040      
-71.1051 71.1051 23.867676	
